0.000000000000000 1277.0000000000000
0.749101127451167 1260.1559857919756
0.932497817159982 1215.4670856535504
1.2601665694397313 1197.0474868138863
1.5218125134243068 1176.9957716213407
1.785292424305971 1155.6228193812242
2.083530374475306 1139.3571700140708
2.352124044905993 1118.5331911503959
2.644200254442254 1100.5712757324395
2.9294839939892987 1088.136103520008
3.194390323568699 1069.8130656766905
3.4424125134606194 1049.8683414138945
3.7296369587188694 1030.9688534878583
3.987362677166812 1018.3362975895152
4.327374317769822 1004.1986910860962
4.579035330870251 991.2453866981467
4.802167970015976 981.9190075388233
5.199527464385074 971.8154301162226
5.473943251949375 959.4666132663776
5.73749108753093 944.6134909015291
6.017340851086605 930.4512114373711
6.299907602637964 927.6564378845771
6.583561149387599 912.2820431492075
6.896558166490641 900.4686295473975
7.204664605201451 888.6552159455878
7.547005092657905 879.3288367862642
7.954553292010827 871.0387219779766
8.182780283648462 875.4428454698793
8.390629865318454 877.7744402597102
8.696291014833145 868.4480611003867
9.038631502289599 846.6865097286318
9.327990723830172 835.8057340427542
9.610217851882071 826.4793548834307
9.908067660909165 806.2722000382298
10.16652114399881 795.7800234839908
10.448748272050707 790.2101025971724
10.744220716581577 776.7386660337052
11.043768643105976 769.1887400475862
11.316825936672432 761.7128329436839
11.612298381203301 751.0911233455654
11.85071407782476 744.0963389760727
12.21958925750395 739.9477806788514
12.650868878357043 742.5587467362925
12.83127504546789 754.3553560513287
13.097811567844701 781.9670907139321
13.36679337941763 813.0550212450105
13.635775190990557 842.5885552495351
13.904757002563487 871.839471703777
14.164568979650975 898.564493802369
14.437286649717974 911.6257423935515
14.687249545321096 951.5376208834512
14.882872681010499 986.5821971184849
15.02959003277755 1024.1097704024296
15.176307384544602 1059.9497131718304
15.28634539836989 1093.835557450706
15.39638341219518 1126.788763813649
15.555327209942819 1161.0632072241629
15.714271007690458 1202.3324350041696
15.836535467496335 1241.1923481680178
15.995479265243977 1274.922752794238
16.166649508972203 1314.5598642213631
16.325593306719842 1359.8594201380774
16.54566933437042 1393.2688519750482
16.814651145943348 1421.3469055956175
17.034727173593925 1444.0188892186397
17.39540733002126 1463.7819307705397
17.655830629407777 1489.4294734586795
17.896012368226433 1522.676288054416
18.20846598773034 1551.8172976835483
18.462164741827532 1579.7787715646264
18.66084448901208 1613.7811955829934
18.912165878613052 1641.3285562480323
19.159411786220492 1663.4355290701326
19.480016369711457 1689.0281183457173
19.700092397362035 1721.8117541784911
19.895715533051437 1758.9445600906126
20.103565114721427 1791.953897439237
20.320584530876857 1815.8527440350035
20.675491087813363 1833.7283040903735
20.960774827360407 1856.3534090879918
21.269152964870784 1879.3239355359553
21.565498726971693 1889.2424657530137
21.827493997984288 1883.4689929400993
22.097946287519747 1886.1618798955615
22.371570844120438 1891.2409755728688
22.688235795017658 1896.5259237631522
22.903421244276 1901.0854869077102
23.124802527646125 1904.4386422976504
23.321837395611666 1895.3860329770125
23.60556857058975 1886.133672699906
23.88153692272301 1889.4039614960323
24.155409312688178 1897.4585616790846
24.41950054586887 1880.6710791923022
24.670142688470918 1867.92502767456
24.957464169014727 1848.283107929924
25.226445980587656 1834.010921640656
25.45467297222529 1850.5675997947078
25.761352992238365 1862.6789393974404
26.039504638296734 1870.2566224643908
26.32927140803666 1883.3135532874437
26.583581484432884 1899.7901564689155
26.878374681964836 1908.6847588153073
27.128880975167093 1917.043957913664
