0.08414199882776296 1598.0288652599136
0.33444504375965844 1601.7012862390834
0.5015933879139991 1586.5942817565883
0.6611545200075868 1571.5185763165293
0.8508165402891044 1571.8837318116173
1.0179652168295774 1556.7558613008314
1.1849676434716112 1550.8090432379709
1.3519650843216524 1545.175215599471
1.5190339881902497 1535.0551918784627
1.6881879027862763 1530.121866618295
1.8591258287245995 1522.055656253332
2.0198800608419347 1527.334761410889
2.148412393460144 1555.0691906806633
2.2769192431415046 1584.4033487860609
2.413399363462929 1589.470812799526
2.5494226902703963 1623.2141614068355
2.716400187952469 1618.8322954657806
2.8834906969197 1607.355979905874
3.0505130667297022 1600.1572001455688
3.1945203974794394 1608.9600558307245
3.3381068442884976 1644.1845198390288
3.5050710465252566 1640.6372950296031
3.6721366265325255 1630.7259315915019
3.8387202466472097 1651.0703091749726
4.0023595903974 1665.7391270633623
4.183482777119908 1678.2483110236603
4.33916579400885 1668.4934427977398
4.503164945747813 1660.5747850614043
4.673170647292918 1656.5998066720185
4.831556702077515 1662.3727411657896
5.0066835691004155 1675.587892416591
5.173396819806897 1687.7945189666736
5.34587696991776 1695.1758764745225
5.499450332021712 1698.790915875893
5.7451428489052985 1706.1357578342331
5.925695661023893 1706.8243367678278
6.075722463090685 1718.7597049501305
6.227025295521361 1745.84380967151
6.385949741977536 1770.736981422362
6.558899221307937 1772.4688617704933
6.719813331155158 1767.7114073202047
6.886323826320623 1792.646311127638
7.052937361187259 1811.112746164942
7.204215523180522 1839.7455738750123
7.31766380377356 1861.8693599821654
7.431024740677251 1889.4762746346073
7.559606838885901 1914.0865957797403
7.680587497060725 1939.6213979005324
7.829498838964628 1958.079138759382
7.993052944137644 1956.9315072033914
8.158305727108319 1954.984011229589
8.325364659392932 1945.4899683573028
8.48095149204469 1941.773207068015
8.659217778407369 1943.1216741463038
8.780259678727164 1964.8119105545272
8.905769252283756 1978.1900155500755
9.064053950401725 1961.5985421977534
9.182665360221828 1945.3595556804855
9.297022393734935 1910.435040828861
9.455787553369907 1892.40911083325
9.631254931519981 1884.248175323983
9.798013054354396 1893.637888054816
9.960952476005405 1904.6186354428173
10.298608175475804 1901.6713089467503
10.465411170438147 1908.2441078583333
10.609367396819962 1920.25511539319
10.73038690262406 1943.3512004575018
10.828562631322825 1971.697699890471
10.919168099653612 1999.0113309230487
11.058511346639392 2014.84864639572
11.191864093320872 2025.734751441117
11.282463816119934 2053.4090666770057
11.401709483312088 2082.023346806373
11.5395915080983 2104.921328804472
11.645358912328744 2132.9563282436725
11.758740778347367 2159.2493869282443
11.849408859915922 2182.632379881554
11.909650107145055 2211.0362608923224
12.02297757461176 2240.7442686712625
12.189650938982306 2255.4548186162338
12.325919756690723 2273.7871149002403
12.439248411250764 2303.4206011495703
12.560302194374806 2324.3648770463997
12.666001261599135 2356.6898325401366
12.781446404644775 2389.533954690155
12.833550676286535 2403.5776466014236
12.9921653476008 2360.744797371304
13.083572578767672 2337.726587305434
13.175006970629973 2313.003324642092
13.266484192819672 2285.59132519043
13.38823607255715 2262.7115595662353
13.502486696343016 2234.467071827132
13.609108204333022 2208.88445172484
13.738480204336893 2183.9075260548766
13.875414796745314 2160.4448364657346
14.02744378208082 2141.9436247146123
14.171893809611204 2122.9555389700395
14.286031408921986 2101.806328866783
14.392611022409834 2078.8536977469703
14.491650931312059 2052.9500140546097
14.621012290343206 2028.6410910958984
14.750193329897293 2015.6519884849133
14.872017667173743 1988.2235942967366
14.986198619132988 1964.352857932131
15.070047951530444 1939.5257619375332
15.157208625378402 1897.3311750622765
15.227313514195416 1878.0509649216337
15.2914672508951 1851.349404052251
15.352635052168303 1821.5874923668935
15.436565431384476 1791.6725631407369
15.527962477290565 1769.2937477989192
15.611870309647397 1740.794230825151
15.688165225415869 1713.9396524149697
15.772007854692976 1689.5333546575685
15.855855358966704 1664.8210218185695
15.932172212219939 1636.5892855411996
15.97791552420438 1622.5881805581134
