0.00839842109683353 11.46366175805722
0.01795970049938278 12.109632338694048
0.07054673721340343 11.000653943034294
0.09444993571977678 10.313610088484142
0.14225633273252303 9.72364851772912
0.15659825183634668 9.230769230769228
0.2799387561292317 8.518334625072658
0.3143593619784091 7.455283617515984
0.3143593619784091 6.900794419686106
0.38766250406462 8.078228271868069
0.6083687036067982 8.76029354776206
0.7063718174829279 9.059008267131691
0.7948136519565083 7.500090825421428
0.8019846115084204 6.378043660789252
0.80772137914995 6.855987211780661
0.8402297291186174 8.211405250920363
0.931061883442835 8.883513369502033
1.1031649126887215 8.146994889556286
1.3182936992460794 6.07186107343538
1.3240304668876086 7.5191338887812424
1.3517581771550016 5.5192388426015615
1.375661375661375 6.883991716721564
1.6087175610985134 8.298219216237161
1.7724544708671695 8.793898953691144
1.840339554625268 7.725247045146288
1.9015317428015845 8.215139184912482
1.9493381398143304 9.268108570690432
1.9923638971258018 8.68188093392753
2.1460273160953434 6.62234962770227
2.2247029866077486 7.382471904669636
2.3939376320328702 8.390634082542142
2.4369633893443416 9.701244913776398
2.501502025311549 10.782218804495251
2.5660406612787567 12.154439546599493
2.574645812741051 9.181481302073239
2.576284889210059 11.605551249757795
2.594724499486404 10.054101676031774
2.740192536110903 8.373031250865003
2.795511366939938 7.908956597558611
2.8194145654463116 7.139766195181811
2.9450770947369587 6.2350873308052135
2.987693082931178 5.915035845766323
3.159796112177063 4.319899244332493
3.1745478003981398 4.702040717468927
3.2329398996065657 5.310138539042819
3.2728923885386467 6.228686301104434
3.469581564819659 4.279572757217592
3.483923483923483 3.9323168959503967
3.5126073221311302 4.8116583510947475
3.515475705951896 5.55209746173222
3.6703684322731944 6.757411354388682
3.6775393918251056 6.032654766518115
3.933303615843298 5.79554995801847
3.939279415469892 5.186918717302846
4.086284086284087 6.721565588064326
4.1866775200108535 8.446643092423946
4.25121615597806 9.71804761674094
4.2631677552312475 8.917118775431115
4.265558075081884 8.032176419298583
4.272729034633796 9.992491765161787
4.272729034633796 7.277174966091841
4.387464387464387 6.3407043208680465
4.397025666866936 5.631256862365172
4.559567416710273 4.957281776787443
4.581877068649554 4.212361945359426
4.817721960579103 5.937439449719045
4.866484485532103 5.556578182522765
5.147586099967052 5.276533133113736
5.36271488652441 6.318300716915324
5.433120671215908 6.904867802222964
5.4583276805499015 7.348866498740552
5.628040389945152 6.200681796163532
5.742775742775743 8.018174166828132
5.764288621431479 7.460884518504163
5.783411180236579 6.777574597946132
5.945952930079914 5.944907317703285
6.098933400520703 4.197426209390944
6.115665639475164 5.298936737066458
6.11996821520631 3.468562294129045
6.122836599027076 4.722043935283859
6.141959157832174 2.7449258864561124
6.406806597282788 5.980006297229217
6.531581293486056 5.298936737066458
6.610461848557087 5.982246657624489
6.817395252769403 5.476565311263043
6.835151914516993 4.854598592004132
6.854274473322093 4.436397984886648
6.983351745256508 6.827982706839757
7.004864623912244 6.197881345669441
7.25584820822916 5.798944443465852
7.456635075682694 5.885164373829359
7.494880193292891 5.026359555641671
7.590492987318385 4.272104889233352
7.600054266720933 1.7031583026545238
7.600054266720933 2.464880837047083
7.600054266720933 2.016808757992637
7.678934821791964 3.036172737841502
7.695667060746425 3.824032810178906
7.9586022443165305 3.0324388038493826
7.994457042076091 3.7418862623522564
8.173731030873888 4.586822182854927
8.245440626393007 5.5845826874636675
8.267977927841873 4.898643772564247
8.522034780538183 4.097143410745424
8.584866045183505 3.3386213912032545
8.618330523092428 4.716443034295677
8.638409209837782 2.2632484014725804
8.651795001001352 2.7635955564167123
8.704382037715371 4.0331331137376445
8.881265706662534 2.853209972227601
9.052499528690005 3.4608228673090107
9.139420250531362 4.0406009817218855
9.278058801868326 5.668596202286376
9.306742640075974 5.061565218995947
9.330645838582347 4.301976361170313
9.536213345737156 2.9950994639281774
9.564897183944803 3.5822605841891075
9.834206553783275 3.604975349307841
9.961690279150597 4.4513337208551285
10.052522433474815 6.973606132532453
10.07096204375116 6.276694023860269
10.072601120220169 5.1981205192792075
10.143354587799033 5.6163211263966915
10.406289771369137 4.444612639669311
10.415168102242934 5.332542142995542
10.425412330174236 3.9883259058322
10.602295999121397 6.224952367112314
10.68834751374434 5.504303106633079
10.783960307769831 4.95168087579926
10.858538287109717 2.823338500290639
10.870011822392776 2.293119873409543
10.87479246209405 4.201160143383063
10.988332654999322 3.4926461683782186
11.142508285365428 3.585061034683198
11.19509532207945 2.8905493121488064
11.357637071922786 2.282451490574914
11.397794445413492 1.5866595621003654
11.415004748338083 1.2326826196473526
11.665988332655 2.9465583220306115
11.711404409817108 2.330459213330748
11.730526968622208 1.8599835303235785
11.988681512491036 3.4954466188723092
11.988681512491036 4.113786087967446
12.246836056359866 3.1849966783845858
12.485868041423599 3.5726145880427964
12.677093629474582 4.593223212555703
12.686654908877133 4.1451511335012565
12.70167977650971 2.9705621834085285
12.720119386786054 5.056231027578631
12.720119386786054 5.578981786475487
12.942419132895324 1.6191447878318126
12.96393201155106 2.3565967512755908
12.971102971102972 3.635469143576824
13.198183356913516 4.37665504101272
13.217305915718615 4.8135253180908055
13.394189584665776 5.024492588645609
13.45155726108107 4.234765549312145
13.461118540483623 3.562657430730477
13.573463573463576 2.4088718271652763
13.623660290326958 1.8855876491266894
13.652344128534606 3.083220306142218
13.905718032702163 3.801629206226181
13.946353470162995 4.402792578957564
13.986988907623827 4.966616611767742
14.010892106130202 6.8074460698830945
14.010892106130202 6.228686301104434
14.010892106130202 7.550498934315053
14.010892106130202 5.545376380546403
14.176848598617307 2.298454064826858
14.192556414778638 2.8756135761803243
14.22602089268756 1.5015258670800211
14.23558217209011 0.9638393722146859
14.254704730895208 0.47096008525479327
14.455491598348742 0.3309375605502787
14.498517355660214 1.0310501840728516
14.587437254103923 1.8375799263708554
14.674205864682056 2.6497105696570404
14.892920131015371 3.4450385099786835
14.954590383161813 3.835981398953688
15.179758513091846 3.0165695843828697
15.35616411806888 1.3850271265258645
15.359032501889645 0.3365384615384599
15.379111188635 0.7353226118969154
15.390584723918058 2.1377882193373345
15.535916170836805 2.9540261900148526
15.70801920008269 1.5762045469224297
15.71040951993333 0.32533665956209923
15.765386876497987 0.9526375702383234
15.769211388259007 2.2632484014725804
15.932709266042599 4.055536717690368
15.934758111628861 3.1849966783845858
16.052225258574463 1.994405154039912
16.090470376184662 1.277489827552797
16.090470376184662 0.9862429761674072
16.15500901215187 2.4648808370470814
16.248231486326723 3.1817961635341963
16.319941081845844 3.9211150939740325
16.479006002815524 4.3651137904916215
16.72151481675291 5.42215655880643
16.753067038781325 5.177957275721757
16.93664360331027 4.503608796744814
16.989230640024292 3.876307886068588
17.151772389867627 3.0819982913811614
17.38124309552881 2.9129529161015277
17.481636529255574 2.2296429955434967
17.53900420567087 1.7367637085836058
17.711107234916756 1.138587483045919
17.954919859681763 -1.6349786863011069
17.969261778785587 -0.6865594523025269
17.97213016260635 -1.3302896725440814
17.97404241848686 0.6203174449396087
18.08399713161618 0.00048440224762380524
18.323029116679912 1.0945270619388996
18.342151675485006 1.9664006490990094
18.35649359458883 2.662779338629461
18.35649359458883 3.1145853516760287
18.53576758338663 -0.7276327262158517
18.542938542938543 -1.063686785506686
18.585964300250012 -0.1472134312184714
18.591701067891545 0.35894206549118124
18.80109308680737 1.1654718077891868
18.94451227784561 -0.8620543499321851
18.994708994708994 -2.116656171284637
18.99709931455963 0.2954651876251351
18.99901157044014 -1.473672737841504
19.016221873364728 -0.26835884518504294
19.211271973176732 0.9324743266808735
19.403453689167975 -0.9572696667312552
19.403453689167975 -1.562166973454758
19.40823432886925 -2.0755828973713104
19.410624648719885 0.2637267486921111
19.435005911196388 -0.1204950590970757
19.64726631393298 0.2693276496802923
19.69029207124445 -0.3467714590195712
19.831662416696428 -1.0108782904752687
19.848053181386515 -1.5957723793838419
20.120549644359166 -1.3362639669314742
20.36436226912417 -1.1107343538074037
20.469536342552214 -0.2882731598096857
20.690640928736165 -1.1168953448944023
20.76019923638971 -2.428066266227477
20.78314630695583 0.13490602596395895
20.844816559102274 -1.7469967060647171
20.897062121551915 -0.5756082708223769
20.92082873035254 1.4522379383840303
20.923697114173304 0.8294177484983507
20.93803903327713 1.994405154039912
21.064247921390777 -1.2048294904088355
21.110142062523014 -0.4699912807595439
21.128069461402795 0.25532539720984104
21.38980948504758 0.7594064861460943
21.507618106257564 0.40054875854623795
21.712502664883615 1.0489730672350284
21.870263775025677 -0.021919201705097535
21.936236602903268 0.4575179228831594
22.114076399790683 1.0478528870373935
22.314863267244217 1.6237273431857808
22.558675892009223 0.03408980817670759
22.589408575803134 0.7558059069394059
22.69348993158517 2.7785312923851944
22.69731444334619 1.3073612994897612
22.702095083047464 1.9607997481108281
22.950005398984988 0.6533894317269606
22.98176250557203 -0.39157866692501564
22.985347985347985 0.022888006200346922
23.29585053394577 0.04849212500345779
23.347481442719538 -0.4699912807595439
23.47655871465395 0.7734087386165456
23.591294067484544 1.3447006394109646
23.76339709673043 1.680754698701799
23.87813244956102 0.9862429761674072
23.95940332448269 0.3514741975069402
24.054146911289767 -0.08913001356326511
24.380099618194855 -0.44351429426996525
24.69562183847898 -0.16041420795828998
24.939434463243987 -1.3101264289866315
24.95377638234781 -0.882217593489635
25.14022133069752 -0.15354037492734207
25.341008198151055 -0.7985774720661372
25.487295773010057 0.6501889168765729
25.498769308293117 1.0086465801201303
25.577649863364147 0.08449791707033327
25.79994960947342 -0.1414050894529506
26.043762234238425 -0.9750907153300101
26.359284454522548 -0.7064737669271697
26.399441828013256 -1.563287153652393
26.40231021183402 -0.10033181553962578
26.595926119735644 -1.6461804882774675
26.77520010853344 -0.38037686494865497
26.822323557017434 -0.9500685083178801
27.119406167025215 -1.5453642704902162
27.13693517926322 -1.0450171155460843
27.44066515495087 -0.4744720015500903
27.47795414462081 0.00048440224762380524
27.66439909297052 -1.2205120131757425
27.78391508550239 -1.9785006135761822
27.88669883907979 -2.671145369114514
28.005019671686338 -2.942789067041275
28.063104444056826 -3.566169347025774
28.08031474698141 -3.9649534973842293
28.15680498220181 -1.9635648776077002
28.20939201891583 -1.2989246270102708
28.242856496824754 -0.6342843764128432
28.424520805473186 0.11156893851320504
28.4639610830087 0.6109826099593079
28.768726863964957 0.11698314280178224
28.904975095451285 -0.741634978686303
28.955171812314667 0.706197926758378
29.065126525443983 -0.006983465736617234
29.084249084249084 -1.9262255376864967
29.14161676066438 -1.5354071131778948
29.3073456036419 -0.833427522659262
29.50972601766252 -1.1346315313569733
29.629242010194393 -0.7164309242394911
29.70381998953427 -0.07568785119163124
29.83959015705047 0.37138851213158297
30.03081574510146 -0.08913001356326511
30.162761400856635 -0.7634784925402069
30.323390894819465 -1.245155977523737
30.52253868580399 -0.13073670661832182
30.63795698716334 -0.09659788154750615
30.89133089133089 -0.4363858748304619
30.977382405953836 -1.8410918426661542
30.977382405953836 -1.0332818944279936
31.006066244161484 -2.150261577213721
31.16997389106233 -0.20754906302765797
31.254659508627764 0.732335464703219
31.418070465689507 1.2387926934526394
31.66579452293738 0.0527594781373093
31.677268058220438 0.6233045921333034
31.880923309494737 2.347261916295288
31.90755830211612 1.4759217482769085
32.110394015155926 0.3477402635148188
32.110394015155926 0.04529161015306826
32.19644552977886 1.0870591939546568
32.201226169480144 1.6060760188593886
32.23947128709034 2.2744502034489393
32.25859384589544 3.03990667183362
32.296838963505635 3.9211150939740307
32.354206639920925 4.234765549312144
