0.10954456014120129 2305.2634079496047
0.27649051564077864 2276.6268824329627
0.44798954265398083 2252.2007767571336
0.6043116646217663 2230.0570872239673
0.7773283821395103 2205.035568641357
0.9139205275482551 2181.8266165606833
1.111220293138665 2160.379600632731
1.278166248638242 2143.6513332517225
1.4466298946423606 2139.1432069575185
1.6247055805085766 2138.831324006347
1.7790041151369735 2132.983518671884
1.9444323801320096 2115.9079270952525
2.1053075736134206 2095.479593793529
2.2798419816357054 2103.673609510667
2.442451678550878 2117.890611570556
2.652519316639812 2127.7421524091433
2.811033658225269 2147.3372226746565
2.9779796137248464 2168.6019693454305
3.144925569224424 2195.537315128411
3.311871524724001 2223.890310689443
3.4939943852689943 2245.7221172714376
3.6381749832004475 2275.4750419882957
3.7823555811319007 2305.8304678608256
3.964478441676894 2330.7811039545336
4.131424397176471 2361.0479267159353
4.298370352676049 2393.86651907783
4.450139403130209 2421.6051997350396
4.601908453584371 2456.3848742899054
4.768854409083947 2485.4466947399633
4.935800364583525 2519.0449944797865
5.102746320083102 2521.454999102474
5.269692275582679 2502.3167270987774
5.436638231082257 2495.653773141935
5.588407281536417 2505.6403282450983
5.785707047126827 2518.9819878229837
5.9298876450582805 2560.029249563258
6.066479790467025 2591.0616032048074
6.172718125784939 2626.408337670894
6.301721818670976 2654.5723132615194
6.430725511557012 2696.582001684448
6.5293753943522175 2731.186157695365
6.6280252771474215 2765.7160558607648
6.734263612465335 2802.752156312363
6.879961900901329 2832.147124460263
7.015036355805532 2860.3948088949255
7.151628501214277 2885.932757039541
7.288220646623022 2851.9294145059885
7.379282076895518 2811.874732634125
7.4551666021226 2777.5676080052763
7.5462280323950965 2741.8792874498113
7.65246636771301 2707.7949363575135
7.783999544773281 2670.938292365915
7.956004468621331 2653.579958416883
8.12295042412091 2638.694635747341
8.289896379620487 2629.9052071234214
8.456842335120063 2619.556363743645
8.623788290619641 2621.8246033885275
8.790734246119218 2601.835741518
8.954644820609712 2587.474949266337
9.13069691913654 2576.7149874509255
9.268806755049827 2556.1696980425127
9.380418535127061 2551.9582245430806
9.519225688299192 2552.9268241752197
9.678583191276061 2532.739491335765
9.831869932234763 2503.110610974486
9.992239228881328 2489.699644074118
10.164244152729376 2493.130356537003
10.338778560751662 2483.8872799841065
10.482959158683116 2468.842471714534
10.718201186887065 2455.3925194452695
10.885147142386643 2428.0318787288734
11.05209309788622 2419.2424501049536
11.222411698951444 2413.6348576495493
11.38143193737175 2412.196730708037
11.535856946208858 2410.9491989033518
11.719876919884529 2410.027726547618
11.89137594689773 2403.3080665996536
12.046180378360974 2389.2733337969426
12.205537881337843 2354.8811501814107
12.366413074819254 2327.052685038258
12.539429792336998 2304.271053104969
12.703340366827492 2280.426183838141
12.87939246535432 2261.869148243445
13.040267658835731 2235.9403338028815
13.207213614335307 2206.1696884637977
13.374159569834884 2175.406688280078
13.533517072811755 2143.509568273917
13.692874575788624 2108.777148711653
13.8598205312882 2074.4700240828042
14.011589581742362 2040.2416577749582
14.140593274628399 2005.5013623805937
14.284773872559851 1972.3992400630887
14.444131375536722 1935.015815415868
14.60348887851359 1902.2255760495345
14.76284638149046 1866.8693905849275
14.922203884467327 1831.938500053736
15.089149839966906 1799.4459671407933
15.228777366384735 1786.4035891827186
15.416970988947893 1786.4035891827186
15.553563134356638 1786.4035891827186
15.68236173393125 1784.334203655352
15.838509526584327 1790.1071992278785
16.016838160867962 1800.6332488299115
16.136356288100615 1807.1215280819586
