0.07522814894343899 681.9653112674744
0.2142647991801283 681.3979613000829
0.3533014494168174 681.3731333268263
0.4923380996535065 683.7896543271768
0.6313747498901958 684.3073483480553
0.7704114001268851 684.2825203747987
0.9094480503635745 683.5795399088734
1.0484847006002638 678.1294919942677
1.187521350836953 678.2402945195452
1.326558001073642 680.6568155198956
1.4655946513103313 681.7170315349088
1.6046313015470206 692.0001214502151
1.74366795178371 698.4855574065775
1.8827046020203992 701.1733394039957
2.021741252257088 701.9622944219414
2.17341759796984 704.9190803279489
2.311190278658923 706.0880264506368
2.4464350202527942 708.1525852813429
2.591791518227514 712.6024352154604
2.729564198916597 717.433404798559
2.866072910058074 723.2953918793614
3.0076374993899755 737.1858016379695
3.1479381191742712 753.6805426772728
3.285710799863354 773.8468006279179
3.4247474501000434 800.4507605334492
3.5637841003367328 822.8049648182572
3.7040847201210285 834.1457469132789
3.8418574008101105 858.8330214817148
3.9808940510468 883.8998357371971
4.119930701283489 913.1711954472252
4.240007808306085 948.4814979747205
4.3474452198526174 980.3731550165654
4.442242935923087 1018.8150082149886
4.54968034746962 1046.0123430020274
4.683661119515884 1067.7571128788247
4.827753647942998 1097.9091679939306
4.947830754965594 1128.3198187618955
5.062851983797764 1151.9837550631983
5.206944512224878 1169.4543585654012
5.345981162461567 1190.0453663692706
5.466058269484162 1219.9813103923673
5.586135376506758 1249.67990104303
5.718852179005416 1286.7375799131323
5.855360890146891 1308.0478807769264
5.9716460885266684 1334.5835671758332
6.077277829290907 1366.2150499871022
6.213906918484536 1400.5170088223012
6.3255575618564235 1429.2582719242594
6.445634668879019 1458.3973867684704
6.584671319115707 1480.4803300562107
6.724971938900004 1498.4127543799716
6.862744619589086 1523.2447014801767
7.001781269825774 1544.1521804472916
7.144609828705282 1549.0636254941192
7.279854570299153 1542.3393280198402
7.418891220535843 1522.2411862635922
7.557927870772532 1501.871783510277
7.696964521009222 1507.8146974725043
7.83979307988873 1520.940829713858
7.9750378214826005 1544.7469574595202
8.095114928505197 1563.2164730857448
8.196232492313698 1597.512932506954
8.301141964765016 1628.9740373822651
8.436386706358888 1639.2442413742617
8.583007173881214 1622.8067688253377
8.724571763213113 1614.4266507247082
8.864872382997412 1619.6233712361523
8.999825439311063 1628.7000789277092
9.150529500756427 1651.8659827374322
9.289566150993117 1685.070626904938
9.428602801229804 1681.7906669668723
9.567639451466494 1663.7269826886304
9.706676101703184 1643.3575799353152
9.845712751939875 1630.7191155984221
9.984749402176561 1622.692088211676
10.123786052413251 1616.8351488014691
10.262822702649942 1640.1387665760133
10.401859352886632 1652.6597597171262
10.540896003123319 1673.3185827702625
10.679932653360009 1650.146149713917
10.818969303596699 1646.2784576155384
10.958005953833386 1656.6790939629075
11.068603289248934 1613.597791408423
11.217119711092671 1636.3232867478405
11.337196818115267 1652.5153402528529
11.450954077399832 1624.4259718552394
11.533112097994238 1590.7006632993346
11.640549509540772 1562.7189902662365
11.779586159777459 1575.5790596536838
11.905983114538085 1557.5628426300977
12.01974037382265 1528.0906172447885
12.133497633107215 1497.0159426360624
12.25357474012981 1463.1109877507197
12.379971694890436 1430.8626104143282
12.512688497389092 1398.2695072707456
12.651725147625783 1367.637396795045
12.790761797862473 1341.0289911091786
12.929798448099163 1325.9491777986786
13.0182763164316 1316.1679822849055
