0.2875155898482489 517.596568090544
0.6893607117921907 518.7853231106243
1.2457616498684185 519.433734939759
1.7980410995144513 518.1909456005842
2.122093127338477 516.5766703176341
2.602320127463793 518.1137537161634
3.0138801864217637 518.371059997566
3.428089773656289 516.6239503468419
3.857136719239514 515.5108433734939
4.213233319608299 514.3004746257758
4.667627419037219 513.1117196056955
5.082867378379293 511.40063283436774
5.500374156357973 511.02059145673604
5.900982831772856 512.917196056955
6.290463488426216 515.3912924424973
6.668816126318049 514.9921139101862
7.064788127248965 515.8472070098576
7.544220268891316 517.2777656078861
7.913299557815213 517.5695509309967
8.261712526181995 518.5305898920357
8.803541058737176 518.7853231106243
9.286785577177456 521.1087988316904
9.61297194722426 523.2778907839149
9.962709679729318 524.1239138371668
10.584024060581106 523.0810514786418
10.852951180651282 523.6175350753664
11.021932206289247 527.3515638310819
11.40935211872751 528.0612145551904
11.817379473316743 528.8799163596535
12.225406827905976 531.5177735736333
12.63343418249521 529.1274917853231
13.013641490180632 528.7141292442498
13.28256861025081 529.7272727272727
13.338208704058431 539.210295728368
13.375302099930181 545.0460021905806
13.412395495801928 551.5301204819277
13.618469917311643 559.5452111476208
13.950249735942283 561.2292807594013
14.228450204980398 564.1921625897529
14.506650674018509 568.145673603505
14.60680284287223 571.3622594273197
14.940643405717967 574.7270536692223
15.093962775321195 576.1697699890472
15.242336358808188 575.7374954362906
15.526719060491594 578.8371004679876
15.938455754668002 578.277108433735
16.28713367586244 579.0065717415115
16.630247587676113 585.0449069003286
16.732254426323422 585.6257758305951
17.125444422563955 583.1564074479737
17.544599795914714 591.8289156626506
17.580765856889666 593.5755750273822
17.845056302475875 590.4348302300109
17.9006963962835 583.302300109529
17.974883188026997 570.658269441402
18.011976583898743 566.60569550931
18.06761667770637 555.5826944140197
18.141803469449865 550.9627601314348
18.21599026119336 547.8828039430449
18.308723750872733 543.4790069368382
18.56837752197497 540.2123867370308
18.92076478275658 542.4726177437021
19.106231762115325 547.315443592552
19.18041855385882 550.8006571741512
19.236058647666443 556.0690032858707
19.291698741474068 561.499452354874
19.38443223115344 566.2814895947427
19.625539304319805 571.0878422782038
19.903739773357916 565.4061336254107
19.996473263037288 560.4457831325301
20.015019960973163 556.2311062431545
20.214396963783813 548.6730558598028
20.398318384981234 545.6133625410733
20.756887878408133 545.6059942248332
21.195826396223826 549.1255932822198
21.207307685422222 552.9658895321546
21.498755795843103 558.500547645126
21.6174546626327 554.9342825848851
21.678040542556555 568.6589996349032
21.70895170578301 561.8506754289887
21.73368063636418 573.9003285870756
22.073703431855204 579.4928806133626
22.073703431855204 581.9244249726178
22.35190390089332 572.849661271348
22.7089278361589 565.5722891566265
22.82484469825811 563.9309967141293
23.06286065510183 568.3257880004868
23.32251442620407 571.7389558232932
23.43997684646461 576.8722161372764
23.464705777045776 578.6013143483024
23.742906246083887 567.5134720700986
24.076746808929624 572.1779846659365
24.243667090352492 574.2785688207375
24.35494727796774 590.2727272727273
24.429134069711235 586.6524278933917
24.466227465582985 581.1139101861993
24.47152652213609 595.2130078756585
24.750610167266387 577.8448338809785
24.787703563138137 582.8340026773761
25.07561896919028 571.6077296197778
25.106088544370646 566.3220153340635
25.2006767038436 562.5855421686747
25.430655758248445 560.4747300891879
25.586448020909792 566.1842278203724
25.662489482446873 562.3099671412924
25.81086306593387 569.3209200438116
26.029449148749528 563.0857455797216
26.13543027981167 574.0624315443592
26.13543027981167 570.4961664841182
26.172523675683415 582.1675794085432
26.32089725917041 610.697699890471
26.333261724460993 591.1913106973348
26.38581070194597 605.7535596933187
26.50636423852915 601.4578313253012
26.5434576344009 596.9189485213582
26.6176444261444 586.0580503833517
26.67328451995202 580.1412924424973
26.747471311695517 575.7645125958379
26.821658103439013 569.6856516976999
26.93293829105426 565.2278203723987
27.118405270413003 560.6619204089084
27.41978911187096 555.6434830230011
27.613867058128502 555.3511187607573
28.033375701916132 557.2037239868565
28.323940636244828 556.5553121577218
28.620687803218818 562.6268047396196
29.02871515780805 561.8703242722959
29.399649116525538 563.1655105269563
29.91153797955566 563.8823658269441
30.166245964541673 563.7959109163928
30.809198159651977 564.0120481927711
31.269156268461657 563.8661555312158
31.662346264702194 564.2552026286967
32.06419138664614 563.6878422782038
32.56742512397286 564.401095290252
32.94825065492281 563.7959109163928
33.36864247480263 565.9278104152146
33.784088508566214 566.6543263964951
34.07341699636585 567.9349397590362
34.18469718398109 571.4687842278204
34.22179057985284 575.3592552026287
34.25888397572459 584.5991237677985
34.29597737159634 597.1783132530121
34.35161746540396 614.750273822563
34.48144435095508 625.7732749178532
34.53337510517553 622.9283680175247
34.74109812205732 618.7055859802848
34.74109812205732 615.2365826944141
34.97293184625575 607.6663745892662
34.98684186970765 603.4638554216867
35.07493868490306 599.512595837897
35.14912547664655 597.2431544359256
35.42114371303938 599.4585615188025
35.55715283123579 594.3253012048193
35.59424622710754 588.0032858707558
35.63133962297928 584.1128148959474
35.8353533002739 577.6351807228916
36.20422651477629 572.3153218936352
36.558674519773 575.5445157252386
36.76268819706762 579.8981380065718
37.04088866610573 573.7202141900938
37.4200656016836 575.5033467202143
37.82912332838038 575.8050383351589
38.29279077677724 576.8181818181819
38.60499352536446 577.9529025191677
39.05629650847073 579.3037604965316
39.46844535149015 581.3210417427285
39.859986752358616 581.8073506145796
40.329836433400764 581.4110989412194
40.72797221575753 581.097699890471
41.107252188546155 581.6610076670318
41.62192305626667 581.7420591456737
41.788843337689535 579.4118291347207
