0.04533855883573851 1618.3191813426613
0.11775205723634413 1601.1025045064348
0.18415744878275092 1578.3537423204295
0.2492979757282739 1559.7526079875292
0.309379044270261 1537.3025669211384
0.3757844358166678 1517.1482916621321
0.4459844211657265 1508.3495968662228
0.5101762996605865 1512.3306302487736
0.5844870949625178 1520.7204113442322
0.6540546480111347 1535.648111489429
0.7320546317323109 1544.4718737918795
0.7971424559861304 1549.8143861234412
0.875405953165824 1560.9537593426214
0.9418113447122309 1577.6299180690567
1.0145410592630575 1598.1790065560845
1.0841086123116743 1604.101204976408
1.155483114790125 1620.9411977634509
1.2074329108978583 1642.8775041570987
1.2540747930554537 1663.9459600452738
1.3067247820672476 1672.3474915344236
1.3750274705149805 1682.9698474311945
1.4192977315459183 1697.509001225005
1.5150660513271312 1704.6980039937425
1.6058652601762997 1709.228060532947
1.6965138899063152 1711.296129822584
1.7513246892779528 1718.362033228843
1.8493516958464582 1725.2900653491265
1.9214489780968425 1733.6657459721555
1.9884868019436914 1714.9309182710365
2.0580543549923083 1728.805783141509
2.1181354235342953 1711.7700623681258
2.1971894610895415 1707.2226600096628
2.2667570141381583 1714.1788930748048
2.3363245671867747 1723.6732111772285
2.4076990696652256 1717.992735141408
2.4754596732840084 1718.8790505512522
2.5481893878348347 1714.3292981140512
2.6227260518154956 1705.584319403587
2.6810001709276485 1697.4228316712702
2.7284325934607963 1673.529245414216
2.782189338998364 1649.5987293484186
2.8473298659438866 1636.9835066816338
2.917459581037341 1639.3732756385475
2.984216323861771 1647.185981843842
3.0857568432105094 1647.1170462008542
3.1559568285595683 1647.9442739167089
3.2280541108099525 1646.3086191149055
3.2944595023563594 1668.8317737420412
3.363394623104534 1686.6171696329177
3.4279027177496153 1709.0557214254773
3.499367567699558 1733.3555355787103
3.566405391546407 1752.5885799723328
3.6328107830928134 1771.8968268855783
3.6992161746392207 1788.1593717540861
3.764356701584743 1810.8047304756094
3.8383512807364535 1833.346685732651
3.898432349278441 1856.060980097162
3.9591458501208705 1875.845509634688
4.033772861573023 1892.3900639517824
4.1033404146216395 1912.0367222033324
4.168270130800348 1925.3413012999958
4.242756601741291 1929.3625471409564
4.324872414719313 1924.5042256351428
4.398053866627598 1927.0646923746933
4.467621419676214 1940.162464542393
4.537188972724831 1967.6113842048458
4.5909457182623985 1980.3174765828417
4.632053817791126 2004.272612521135
4.688972724830904 2026.2693495109083
4.745891631870681 2049.0315407182748
4.790161892901619 2071.928022139254
4.844972692273257 2094.5783048352764
4.9089186248735 2118.3611016661002
4.972864557473744 2137.5481889643975
5.039972651576197 2158.5505815280426
5.094632871828682 2184.0469214845652
5.150648304153542 2203.4966207561497
5.213891534197739 2229.5981619420204
5.264486118233097 2245.202684763826
5.315080702268454 2264.003314669615
5.383383390716187 2273.9488478897774
5.463069860571875 2282.7381423707343
5.531372549019609 2289.1491571686083
5.600307669767783 2299.799714010238
5.637121212121212 2305.7803468208094
5.657648198341188 2298.972486294383
5.691377921031426 2273.638637496332
5.716675213049105 2253.2164532611687
5.7419725050667845 2229.6921650915497
5.787033306473274 2205.3923509383167
5.809642761214075 2199.498353462852
5.868458965155178 2224.3151849384935
5.950675164212634 2225.556026512276
5.982296779234733 2202.548755665066
6.007594071252411 2176.439380883401
6.02972920176788 2151.794888515229
6.04870217078114 2127.3227352545264
6.092972431812077 2102.6939100779423
6.153053500354065 2104.3154644073165
6.207713720606549 2084.631876347023
6.222621053402682 2104.5739730685214
6.266891314433619 2077.344394088303
6.311161575464557 2122.152562030434
6.319066979220081 2101.7303777952707
6.380729128513174 2073.8631441174143
6.421837228041902 2042.5318943794164
6.440810197055161 2016.3363500440164
6.478756135081679 1977.0430335409167
6.487452079212757 1993.5445030811438
6.553242606022622 2011.625747773177
6.592593949161234 1979.455781045493
6.611566918174493 1954.638949569851
6.630539887187752 1929.4774398792697
6.649512856201011 1906.383999478325
6.66848582521427 1882.256524432562
6.690620955729739 1856.6641669733062
6.7159182477474175 1830.8133008528457
6.741215539765097 1804.7039260711808
6.766512831782776 1778.3360426283111
6.791810123800454 1755.8457891035107
6.820269577320343 1731.494273218037
6.851891192342442 1709.5727387478867
6.88983713036896 1686.0853803870114
6.9277830683954775 1664.902442091731
6.962566844919786 1643.0498432645686
7.000512782946305 1618.9223682188058
7.0479452054794525 1595.2544641262953
7.111891138079696 1574.1142002766742
7.177593827070056 1554.4675420251244
7.237674895612043 1531.8336725774325
7.30091812565624 1508.0299861578246
