0.07795196387521353 396.2374370801838
0.2676095068783273 381.7128882127786
0.4345081447210679 347.0578242484437
0.6191081532440987 331.7688254406489
0.7971333669430221 342.2332957357619
0.9200314548090398 344.4756822275717
1.1267581766824344 349.98821568660446
1.2917602390951435 374.374168785037
1.496590385538507 385.959832326055
1.6179712130605 385.58610124408665
1.828870400879963 389.32341206376964
1.9821136956264793 407.9684404864115
2.2595555871053206 413.9896634736788
2.508819786480842 419.32867893036905
2.687639755598064 425.2015959327282
2.9152288072018013 428.9389067524114
3.2247499173828835 430.43383108028456
3.4159247207300227 432.67621757209463
3.646765044499527 434.2779222091017
3.828113780856791 440.7737243480749
3.9773110480192404 446.3796905775996
4.220072703063226 459.5848554738134
4.394557642626092 482.28052481516215
4.558421759780782 501.06900557229665
4.728354918311572 524.4102104188635
4.895253556154313 559.7447854413224
5.057817164442697 577.3635364484003
5.2290508318397935 599.1564268125269
5.380776866242285 638.4359410335403
5.529468379956727 676.7226140974058
5.691815236767392 713.3482601303008
5.851127572890008 754.9343368875027
6.009596986599277 780.661380560372
6.184924848575489 794.2610393764413
6.35182348641823 825.6034869324207
6.51872212426097 839.363585859436
6.674241309523524 829.7654921634314
6.873381729676794 829.7654921634314
7.034590641229441 845.1394298534918
7.176201606671766 858.1067658793622
7.409353946203595 870.6890456389622
7.592183817658595 877.4162051143919
7.747703002921149 888.9678931025035
7.890758978214928 899.3061684868219
8.098190142390905 912.1731957374454
8.26964056126572 927.1224390161781
8.43047015773236 938.232444816509
8.598886055919126 951.788690426087
8.75583820928437 968.3574350600157
8.91936515747372 987.0439891584316
9.098064709103323 999.388440047688
9.257377045225939 1010.0907392131445
9.42102441090291 1017.2984100796763
9.623036788135941 1026.1611757377823
9.811177070795031 1030.645948721402
10.04255927325883 1042.0914631066817
10.236009967122007 1055.6179801074668
10.402908604964747 1077.0225784383792
10.569807242807487 1109.4692314638105
10.736705880650227 1131.2135853237855
10.903604518492969 1145.8230730734558
11.068985895991684 1171.5425666234573
11.267747001058948 1184.8949589155982
11.433128378557663 1215.2691032137504
11.601544276744429 1250.1280204955226
11.768442914587169 1268.9844523584695
11.93534155242991 1281.3855291692364
12.099205669584599 1287.3992020336357
12.26913882811539 1297.3540390351554
12.444466690091602 1297.2407871921348
12.599901583112821 1304.9645628861467
12.764777207163528 1319.0417669736198
12.929147077766228 1321.7824615747209
13.103632017329092 1352.0546792141545
13.240185448291335 1392.126956336313
13.369152577533452 1433.1076076160334
13.51329231021582 1470.4594810922986
13.657432042898186 1493.8389084358848
13.860576344514856 1485.352098449521
14.027643566840267 1493.3250281981784
14.197576725371054 1522.6629181326912
14.340199197709396 1551.3000622885136
14.521427516579038 1574.6323013641745
14.696755378555252 1599.9063376649613
14.86365401639799 1619.4592683624853
15.030552654240733 1642.3757787977245
15.19441677139542 1658.1404353462062
15.35979814889414 1682.8066867561151
15.522578508660239 1709.768714812401
15.684871177601476 1724.3842696250904
15.871114884830536 1716.4424841332636
16.031944481297174 1696.9065412121927
16.22160202430029 1705.2305516742142
16.32022394666191 1736.9976936415212
