0.07867351818257728 1323.2697043648805
0.2134773467327531 1346.6786333428165
0.33865233038648745 1375.001586232728
0.44938404669556076 1397.720532401106
0.5504869181081926 1422.1055346218318
0.6515897895208245 1443.7339713741278
0.7575070833816764 1470.2697004987933
0.8959217287680177 1493.9352694241873
1.0138750787494215 1520.352355163307
1.1571041465839833 1540.2137627691734
1.325608932271703 1556.9887594659433
1.4856884786750368 1520.4937174950212
1.6036418286564407 1493.4051606802584
1.6710437429315286 1469.2852128314971
1.7300204179222305 1445.783725183986
1.7889970929129324 1415.4791753227216
1.8648242464724063 1389.0267490006734
1.9490766393162657 1362.5213118042323
2.0333290321601254 1337.2881355932204
2.1175814250039853 1312.4790463773516
2.201833817847845 1291.062653122627
2.286086210691705 1266.4656074043296
2.361913364251179 1244.254051033712
2.429315278526267 1218.8088313251285
2.4967171928013547 1193.3636116165449
2.5725443463608286 1170.1978595068554
2.6567967392046885 1145.1767267934151
2.7831753284704783 1115.0665501382578
2.909553917736268 1094.286287376248
3.049172168734664 1071.4764654231965
3.2128625319741637 1057.2729168557069
3.402430415872848 1046.7885439202255
3.684675931899778 1043.6078914566529
3.87003119615627 1034.6442345138562
4.055386460412762 1019.8975730918363
4.198615528247323 1008.4440114427075
4.304773543230588 982.7514076536239
4.400821271072587 954.1962166473246
4.544050338907149 934.019956575367
4.729405603163641 920.4298960491918
4.999013260263992 908.6573512164867
5.20458909880301 904.2953135521582
5.369723788776976 901.0843691603608
5.567716911960046 896.767769388369
5.743804413003713 893.4810951760102
5.92578958154645 887.0812368856696
6.0971027803289655 875.3867167165731
6.296500110059434 866.2865166124616
6.479749064494828 852.2386348983479
6.68406111714119 846.5038221231177
6.86941638139768 852.6723602342895
7.053086597797296 850.2242216714183
7.240126909910663 841.1063512758425
7.41705693488277 835.5932203389826
7.66981411341435 831.4583721363379
7.899167849489301 821.0800209496425
8.08433588620614 824.7790019628347
8.258644725623105 813.7763004777343
8.443732521965806 812.6319387448085
8.709863096186886 801.5248983958237
8.90832428821909 789.0593109628308
9.085254313191195 781.4161067094572
9.225705329153609 773.3727810650885
9.455964841704178 773.2524320529532
9.717147259520145 770.0717795893803
9.944628720198565 766.8911271258073
10.180535420161373 763.7104746622344
10.410658307210035 762.721893491124
10.633813293661339 759.6816482083753
10.862979802196639 758.4093872229462
10.972507912893656 758.4093872229462
11.216839852140849 756.2889522472309
11.444321312819271 756.2889522472309
11.722354209204008 765.4453760060014
11.890858994891728 792.7339283923375
11.99196186630436 813.8941024208297
12.059363780579448 839.4100032952703
12.152041412707694 863.370918520853
12.28684524125787 888.4980729830793
12.448797063057734 911.1985074175423
12.615429573348923 933.8164804918388
12.724957684045942 957.9953293121478
12.84571944712214 976.5785858354304
12.994565341146293 1001.022489027704
13.136109361123976 1021.3433242116421
13.31977957752359 1042.2296087224377
13.502888111304246 1059.039946002136
13.751151828884153 1074.5662421020957
13.925554282070944 1078.4625413699728
14.13919427821073 1070.4162479353388
14.339795213553256 1072.233763628809
14.542703059652219 1088.4020803186381
14.709703338324868 1105.2519653935185
14.915519897986297 1102.582489218734
15.105555850734113 1106.3963271264442
15.210403272939807 1112.5220281673996
15.458947831829192 1116.3653165608835
15.699067151434193 1117.8231156066877
15.921867923621289 1123.948816647643
16.111903876369105 1134.78659541241
16.305684379909984 1149.340490018456
16.491039644166477 1174.207409279117
16.642693951285423 1193.552936167948
16.7774977798356 1212.7714817414944
16.92072684767016 1178.1229852285912
17.021829719082792 1149.8946946143815
17.080806394073495 1129.132102143836
17.148208308348583 1097.0428528446778
17.21561022262367 1076.8280394095254
17.28301213689876 1051.029413871656
17.36726452974262 1028.128716133931
17.443091683302093 1001.1991919423468
17.51049359757718 976.2840809776922
17.586320751136654 954.1255354814674
17.6789983832649 929.104402768027
17.788526493961918 901.5387480837283
17.88962936537455 880.9705288192899
17.999157476071566 856.0819232918317
18.083409868915428 833.1547201169101
18.142386543906127 804.846913191111
18.262747105111643 786.27796118949
18.426036266480455 782.2642806997432
