0.0000000000000000 1764.0000000000000
0.09452971962881218 1740.6353412554581
0.2970141209669199 1719.9218992127935
0.5651449920180358 1701.973271097049
0.8232790518351942 1677.5431939395082
1.0349406619458885 1645.4129337323113
1.2318723035548143 1621.0382535751278
1.5319794499307777 1604.7515354701004
1.756930706533952 1583.5898813336362
1.9774763224954643 1557.3417753461897
2.1912469450635177 1533.2894050092661
2.5261238778738697 1506.2335100347923
2.729260265202469 1476.8675601454215
2.9697156399140976 1451.966608484844
3.1966251335332894 1421.2766702869355
3.4309642099393747 1402.7740721676187
3.698519600903575 1385.6513629662913
3.919055725114024 1373.2142327769977
4.140969723806087 1368.9265049493476
4.355989894429966 1353.969314852894
4.6000362153766154 1332.5306757146436
4.788284075379906 1318.8555304836004
5.063297856058943 1297.0765954860128
5.271792447827179 1286.1633864156374
5.519959272774979 1253.5068547050469
5.74262282104984 1234.8103670844798
6.026193322638117 1200.3635050441624
6.260132209065042 1178.9701907243862
6.469484045940502 1150.6069265414817
6.704556052829282 1128.6143173996588
6.945458077592941 1107.1756782614088
7.154364270415166 1082.3894775301426
7.382800477562054 1063.845151800167
7.595343762088912 1045.9509134665918
7.835987204922092 1009.95394263446
8.09164990980652 982.2604785467836
8.294152321571556 960.4844213154483
8.522830065980841 927.6893971039648
8.79549517480454 897.7750169110575
9.030237616487803 862.0993486809975
9.216295014713044 816.7569038886002
9.388801273825475 775.8739176249601
9.574750694846632 736.9021278736448
9.733862147059128 691.2549995792824
9.9164431487789 652.2555113277886
10.19977021085251 632.1715806528198
10.43083152612991 595.0414893588354
10.645621999792368 563.8217543938738
10.880073567593499 531.1101854037076
11.08111606902845 510.2840788122646
11.283972748451855 467.60622973705017
11.476723137145683 424.90622186169276
11.672858564241 381.253385580191
11.88245179205176 338.648056214535
12.10820011674328 308.3192776812932
12.310367244352069 285.0287959596724
12.538223557211264 258.10585378605583
12.737098412920862 241.65294467995682
13.033290855822667 246.21132642363796
13.302568082621612 271.367895671578
13.469957912338337 293.83691901647285
13.813421192417618 303.47599707863196
14.103544806743727 308.3192776812932
14.335407409207452 314.7769851515079
14.540898356837676 315.44174915579515
14.785689251026419 303.07713867606003
15.051606119927662 296.4959750336204
15.31913317221063 314.1726542385202
15.450092705344819 339.3732533101211
15.774587676928899 341.81072132583927
15.977704628360762 336.7806736934024
16.18821736101998 319.43033318151606
16.424645749378524 323.418917207237
16.64518064444135 311.05430672750185
16.88752333996055 289.8008518475888
17.085164277787126 270.90256086857744
17.546233645893572 270.1428305779641
17.8192740593347 289.07277698575103
18.062172441762087 308.86058551335555
18.333348833327754 319.9289061847312
18.552949115269303 332.89180426832445
18.744849019167816 340.37039931655113
19.023632210268254 332.82057955357936
19.281060058930738 307.4645811043531
19.55269422018846 295.78372788617025
19.741917282011116 307.86343950692526
19.957975723872202 321.09224319223335
20.190168025674613 336.4926092915448
20.358439700522446 346.6856573572761
20.67708324657727 363.08316946301784
20.89913648891599 396.9584351814676
21.0959671953124 411.66633877631375
21.356412436763108 399.94987320075825
21.558169720462477 379.54399242631075
21.789721670498047 375.93527354589673
21.958228078398243 372.2790715223191
22.276415303399276 349.34471337442346
22.457617952635584 325.41320922009754
22.71724209786913 312.4503111365043
