0.06581588838743246 2575.7462712384104
0.19573707930051598 2573.5938182633354
0.3193214666313424 2597.6756752658457
0.4252046856106222 2621.1203730505813
0.5074174238570872 2647.892254815196
0.5897180755013951 2669.3365846705656
0.6601609035211335 2693.813051960451
0.7128198996657835 2722.661769559237
0.7891225992514272 2749.8060070624283
0.8891078239742389 2772.893169681966
1.0067405940308423 2799.8670463952535
1.1303675669342017 2821.368217702276
1.2184732450888796 2848.8039281363517
1.282949092375434 2877.103440750068
1.376908996281477 2907.5490577585924
1.476902409355717 2930.140006281559
1.582807247929081 2952.2745566648073
1.7068407194793445 2949.1419099694476
1.8312588689699247 2922.697780090881
1.9555849843512705 2901.8309172319014
2.0623489503988424 2871.9023426781423
2.1747748618854343 2856.635861626943
2.3050110452565082 2835.3948656976413
2.4349251972319825 2833.6689723416553
2.5648587062858814 2830.770040033175
2.6946338392435836 2837.468699154194
2.824366738575634 2846.7267159897465
2.9541735467525747 2851.505856824866
3.084052504040006 2851.9127615643242
3.213846994076132 2857.438381732849
3.3435534973921497 2868.2959971399846
3.4731966502696885 2882.9926491189203
3.590887100509474 2906.471106731341
3.68490627394612 2933.3249901853233
3.755350000687357 2957.7469949524148
3.813936134245435 2985.1871724045877
3.8666609444567257 3010.047557564893
3.931136607390153 3038.3582419781565
4.00159913815043 3061.6407231913963
4.060212371618302 3087.4386461100776
4.124732740185231 3113.040169133056
4.224650752830182 3140.2003836709773
4.300000000000000 3152.000000000000
4.325152704007589 3131.973923141984
4.414156550601141 3104.980626180319
4.497283588185167 3076.345968088782
4.544874901198413 3054.5202963434294
4.592582356682204 3025.656390883111
4.663981770038202 2992.1637867956215
4.752919940829958 2969.1504434227772
4.865514346885559 2943.673191489638
4.995701257693372 2925.4181128939586
5.1258582530163475 2908.9759126794065
5.256009969136117 2892.853632179171
5.385975153409255 2888.0351815847907
5.515966733698425 2881.617132418827
5.634218148160418 2871.101158165526
5.7526809262767165 2847.776546461251
5.882637311877843 2843.491295390732
6.0126922426054925 2833.2342096529687
6.142601115377761 2831.8282360112994
6.272469514258778 2832.874980179391
6.402573717549689 2819.6319771080052
6.532813420389568 2798.177701369159
6.633490758429058 2779.322796997868
6.698918973974074 2749.90879314886
6.764328477676612 2721.6287269539293
6.823807940403958 2694.933156748486
6.871431192596603 2671.171970731518
6.913258612891129 2640.862210633409
6.954956985996162 2618.3727102185962
7.020385293717743 2588.953120469814
7.103391211296772 2567.6583346810276
7.204185177828689 2541.7357436686902
7.310863488804236 2516.9978664797186
7.39982274498499 2492.706748533621
7.48883246783449 2465.357350461378
7.583757160790984 2437.336751012661
7.666874842453771 2409.269061748163
7.749949777235038 2383.791833503756
7.850799349279145 2354.499548452884
7.969143834138407 2338.3435081249636
8.099212842741274 2327.233303149023
8.21763749327886 2306.2192227148125
8.336064294602936 2285.074804619214
8.442746181610177 2260.120219909473
8.549368740429001 2238.7609234177667
8.679309288420509 2235.4354314901975
8.809262154552831 2231.3634602292227
8.939014410963306 2239.4484381122807
9.06866988198166 2253.3986107578107
9.180626604283269 2266.5649943165045
9.292448266969512 2287.9159905664656
9.410487340146974 2290.267898155679
9.510299426557216 2323.847242516972
9.622088754123817 2347.1577470171233
9.751821653455869 2356.4157638526754
9.881243079798733 2384.5490438329107
10.011027011428444 2390.7145034300684
10.14121568197066 2372.3527849296165
10.271198463587819 2366.467935287514
10.400961278404706 2373.9130737419387
10.530722333487192 2381.464852101136
10.66075966687082 2372.2741654110946
10.790851552020913 2359.7776416731144
10.920635483650626 2365.9431012702726
11.05023288343371 2383.4123907732856
11.17403160641472 2394.50550737454
11.297639222239656 2417.179717634057
11.42734220608687 2428.250612850737
11.55743937044017 2415.4341693984406
11.68746262594858 2407.096601946577
11.817181447405414 2417.2077380203073
11.941237795502905 2412.6887725629085
