0.06746258684952533 1813.6442030783314
0.2250973870555253 1854.764098016765
0.38273218726152525 1880.0537986596514
0.5403669874675252 1896.6561975549816
0.6980017876735256 1915.57521024966
0.8556365878795256 1937.0038878936325
1.0132713880855255 1970.2086856842925
1.1709061882915255 2008.2397622235949
1.3285409884975259 2047.4291456625715
1.4861757887035258 2081.0200457531228
1.6438105889095258 2118.8580711424797
1.787114952733162 2157.0178484484127
1.9089236619832533 2204.886489837031
2.0235671530421624 2249.746750805663
2.1310454259098894 2297.981959556381
2.2385236987776165 2351.9432033081666
2.3388367534541623 2393.0872296403436
2.431984589939526 2442.6875858085345
2.532297644616072 2496.0800181363734
2.632610699292617 2537.641172846111
2.7257585357779806 2584.2078680865843
2.8189063722633443 2636.8418851824936
2.9263846451310713 2683.4844219461593
3.062523790763526 2732.7607279697986
3.100000000000000 2749.0000000000000
3.1986629363959804 2703.6582671154847
3.3204716456460717 2654.6393626251065
3.4207847003226175 2604.3817132559097
3.4852716640432537 2556.070662981999
3.556923845955072 2505.989977166919
3.6429064642492537 2460.3333802047614
3.7288890825434353 2413.6150019179026
3.8435325736023445 2363.357352548706
3.972506501043618 2320.355208898302
4.108645646676072 2278.511372147572
4.2609065332386855 2253.728430773293
4.416750028896891 2224.0516427478906
4.552889174529344 2177.3096693204825
4.667532665588254 2131.1306085318847
4.775010938455981 2086.7633174640073
4.911150084088437 2043.5681226636575
5.054454447912072 2002.4696778529956
5.176263157162163 1955.6333238633922
5.298071866412254 1910.9205325231915
5.43421101204471 1864.1077736741368
5.570350157677163 1818.8994843824087
5.706489303309619 1773.4316485446425
5.8569588853244365 1733.5279758508668
6.014593685530436 1692.408080912433
6.196112546373708 1679.2162523328107
6.315532849560073 1650.666132268619
6.430176340618981 1601.150044459531
6.551985049869073 1554.067626861346
6.680958977310345 1501.7218075535702
6.8170981229428005 1467.5034912256951
6.969000748595855 1435.3604747597365
7.1323677233548 1411.7117088913885
7.313886584198071 1395.6026629348087
7.476298196531527 1375.2250415516514
7.679790393161092 1363.3717009449858
7.829185192447232 1362.0975633553442
7.9921939062966185 1356.3060288569732
8.142663488311436 1335.3406739728705
8.293133070326254 1289.1242286758704
8.450767870532255 1239.1239808399348
8.606969627100018 1208.5639838035308
8.694385289032438 1204.9539272995462
9.026373731890526 1206.7235628407152
9.13862881688571 1209.2010525983515
9.353585362621164 1213.448177897157
9.542747122868365 1218.5447282557232
9.738118738881255 1221.9424284947675
9.943999341574546 1216.8458781362012
10.200514152818856 1222.7918535545286
10.356715909386619 1251.4792544364593
10.51435070959262 1286.807614876522
10.671985509798619 1321.363770716802
10.82962031000462 1355.3407731072448
10.985662839501469 1380.0298701725224
11.14488991041662 1402.445253693995
11.302524710622619 1425.8044428374244
11.46015951082862 1456.3065245288446
11.61779431103462 1478.1213044727085
11.77542911124062 1494.7237033680387
11.93306391144662 1497.6194706172241
12.09069871165262 1496.0750614176586
12.24833351185862 1500.901340166301
12.40596831206462 1507.851181564346
12.56360311227062 1531.9825753075584
12.71964564176747 1559.588889749793
12.874095900555165 1573.7459740791442
13.04009012198421 1582.9480788932226
13.189365500967167 1592.622086518279
13.34747798238591 1606.0949117717116
13.55240322265371 1623.2957692318732
13.710038022859711 1636.8865701880504
13.803185859345074 1642.4078330764974
14.062566757865856 1645.8055333155417
14.2227491912065 1652.3177921070433
14.369238096448438 1672.716863617972
14.526872896654439 1698.778768860641
14.68450769686044 1726.5781344528216
14.84214249706644 1752.640039695491
14.992612079081258 1767.6980293912554
15.171742533860801 1762.09954604283
15.293551243110894 1764.5126854171513
