0.016166281755196188 984.3342036553529
0.1644494647586987 989.3715347802176
0.3616956235659017 998.9775296762953
0.49319306277070374 1013.154027456811
0.6179470435547469 1026.8390733142692
0.7314619269708578 1040.1460792309138
0.8314898935454513 1048.4629579288164
0.9483765061719418 1068.4423688008237
1.0596435701144666 1088.3461716846682
1.16458864178753 1092.3864735521151
1.285212254288858 1098.2810613292536
1.444020700097734 1104.6774971278226
1.5564116737770521 1128.3049934286826
1.6791988125217072 1132.1515498264625
1.7737758168728535 1154.6071223108
1.8890889558678334 1185.1432985300314
2.0003560198103583 1206.8163283368842
2.110611564989769 1222.1609695345148
2.222890147695408 1241.1121117675086
2.331122655348591 1260.3354427578884
2.4454242755804576 1285.683020789451
2.556691339522983 1317.971412134354
2.668969922228621 1339.6784655358804
2.7761909111186904 1354.835976962808
2.894538606403012 1370.7420074725471
3.000748076529968 1398.9986028486715
3.1101366056267103 1413.2471982464713
3.2232822044150176 1423.5126028107397
3.284984848964964 1430.6235340974465
3.4501995802735603 1438.108724925559
3.5682101026368445 1450.0169830611926
3.6693619789482312 1470.1287079124845
3.785686636706325 1471.4178241106595
3.902011294464419 1460.356375442449
4.037554808721676 1458.3187401614628
4.154890985242885 1465.7103661042238
4.263910229711824 1478.029742675492
4.377425113127934 1501.3926110177824
4.488692177070459 1533.5449079839927
4.607545631736338 1551.5561484141385
4.703358936797956 1573.4659257339258
4.817435775082465 1595.859121628029
4.926679801498762 1632.3494269150772
5.0328892716257165 1671.6466787626675
5.125948997832192 1693.1398695691046
5.253400361984539 1698.967625285278
5.36365590716395 1690.3596558329486
5.519429796683485 1701.5874420751175
5.635754454441579 1725.1657931836717
5.722745068069371 1770.6650602888408
5.798608975302911 1814.9413006783452
5.859300101089743 1855.8759380195852
5.894703257798728 1895.9528972451042
5.925048820692144 1947.1017012372058
5.965509571216698 1996.8782202441535
6.031258290819099 2043.4735331491536
6.117237385683778 2083.0826679479155
6.215354705705822 2110.278861290057
6.329656325937688 2094.9342200924266
6.435865796064644 2112.711548309194
6.544604063099384 2137.974067354073
6.648284736318556 2149.201853596242
6.762361574603063 2162.9247034477817
6.860703676572466 2176.3356703481495
7.006109498770084 2182.885212322748
7.132802223850095 2191.4931817750776
7.240023212740165 2187.5634565903183
7.351290276682689 2173.188487840875
7.44810707258073 2153.4791054980205
7.571576585094154 2146.706789986871
7.71543703140368 2129.468168685764
7.821646501530636 2142.465181850941
7.92785597165759 2174.5494316278046
8.0087774727067 2159.3068612141938
8.059353410862393 2203.4694871000574
8.135217318095933 2282.063990795238
8.182997910480587 2271.2054065331045
8.23636919440732 2160.429639838411
8.274417335990123 2196.8029890187695
8.31223310164086 2273.33126816244
8.35775144598098 2328.5345505197697
8.438672947030092 2339.4504538107667
8.534767229525908 2288.71749375356
8.60557354294388 2234.9072885781297
8.67132226254628 2197.855593978973
8.762358951226528 2156.125655112246
8.868568421353483 2131.339466392792
8.949489922402591 2123.0036856978486
9.029287513714909 2077.6766967942785
9.138306758183848 2074.3499453151176
9.34499375878011 2070.981609442467
9.453226266433294 2069.8588308182498
9.657553056582294 2085.2374956105537
9.76376252670925 2121.6937773029285
9.869971996836206 2158.5583421313827
9.977445865417053 2177.037406988285
10.096552199773711 2195.048647418431
10.199727113611324 2226.6735786672057
10.315040252606305 2253.484171269718
10.409371211852907 2225.158609147634
10.486998442335661 2257.7371206038724
