0.20178827248925568 798.6572580645156
0.4496369115249714 805.4082661290317
0.686518796621054 809.1008064516125
0.8773403151706765 813.4274193548383
1.120980091883614 814.9999999999995
1.397164451909302 817.6048387096769
1.6011460751864846 822.379032258064
1.8972484315565876 823.8709677419349
2.2235834609494636 824.9999999999995
2.4808575803981623 824.9999999999995
2.6649212073309294 821.429618768328
2.8678061552141485 813.4274193548383
3.090431260188708 813.4274193548383
3.410660475226005 823.0571847507329
3.6519290618979405 822.514662756598
3.89946436510681 821.1002304147462
4.112532727362545 830.170250896057
4.3620263794892065 839.5362903225805
4.591414316059872 845.2553763440858
5.044706812231389 852.2177419354837
5.399298522946205 857.6881720430104
5.549177493454529 861.1693548387095
5.823346341945365 864.1532258064515
6.268283216067635 869.2684331797234
6.470384824383737 873.1048387096771
6.752778738329299 871.2399193548385
7.0248151624429855 875.9229390681
7.25121770488564 885.7862903225805
7.380625401373315 882.056451612903
7.775428543200119 885.0403225806449
8.0532529763375 892.0026881720427
8.499234303215927 909.0469208211142
8.740502889887864 927.0857771260994
8.959837968680532 916.7025089605731
9.29249617151608 912.8897849462363
9.554479737851768 922.8360215053762
9.793311268092674 936.4442815249265
10.041891024057701 944.2204301075266
10.275848441436548 931.5615835777123
10.440349750531048 925.3225806451611
10.71362940275651 919.9999999999999
10.947013782542115 926.2177419354837
11.17512226448649 933.3790322580643
11.485451761102604 930
11.789260485105965 941.8695014662757
12.0305290717779 957.7382697947213
12.271797658449836 976.4552785923753
12.513066245121772 999.6480938416422
12.754334831793708 1026.6385630498532
12.983069985391777 1034.660138248848
13.218071855526778 1039.7753456221199
13.478140591809517 1044.6774193548385
13.716972122050423 1045.6720430107525
13.941877615542587 1035.938940092166
14.201946351825324 1031.25
14.388381168799093 1031.25
14.684483525169195 1030.0293255131965
14.925752111841131 1029.3511730205278
15.167020698513067 1053.3577712609972
15.408289285185003 1078.991935483871
15.649557871856942 1101.6422287390028
15.888389402097847 1100.0448028673834
16.175962060959346 1110.7294721407625
16.406263893691648 1133.4475806451612
16.719913056365165 1136.7298387096776
16.95460159067332 1145.3830645161293
17.20683693128489 1160.5058651026393
17.448105517956826 1178.9516129032259
17.68937410462876 1198.618035190616
17.912364768067977 1205.0604838709678
18.171911277972637 1215.9787390029328
18.413179864644572 1235.7807917888563
18.654448451316508 1254.2265395894428
18.851850022229907 1285.0921658986176
19.038284839203676 1317.4032258064517
19.257619917996347 1350.0766129032259
19.48792175072865 1378.4640762463346
19.729190337400585 1395.41788856305
19.99239243195179 1401.792521994135
20.211727510744456 1425.4525089605736
20.431062589537127 1454.1458944281526
20.66136442226943 1484.3508064516132
20.869732747122466 1519.1129032258068
21.089067825915134 1551.935483870968
21.319369658647435 1585.653225806452
21.527737983500472 1618.2437275985667
21.74707306229314 1646.6055718475077
21.98834164896508 1676.8511730205282
22.18574321987848 1704.1129032258068
22.38314479079188 1732.8665689149564
22.613446623524183 1747.0806451612907
22.88103541965124 1759.4637096774197
23.128884058686957 1780.6085043988273
23.370152645358893 1790.7807917888567
23.607034530454975 1770.8024193548392
23.870967741935484 1766.7741935483875
24.0281578817369 1766.7741935483875
