0.037735497976461585 2477.530066647286
0.13274410382844093 2477.6575470783937
0.24117783876819998 2477.9762481561634
0.34341536028282993 2471.9209276785423
0.4280969437595942 2467.777813667539
0.5242529965421531 2464.2012793503472
0.6292673396287852 2453.8187064612334
0.7381371044021644 2439.9799974398634
0.8132948783551192 2432.5613445740064
0.9237940177699212 2430.808488646274
1.0068232776666513 2426.66537463527
1.0910917802484068 2428.832541964103
1.186100386100386 2425.5180507553
1.344251357332252 2424.0247085623228
1.4256873052053773 2422.6993167785827
1.5041726752570126 2414.076682063374
1.620294304631654 2408.1098896629114
1.7156700935014189 2400.9143275514925
1.8040694050332609 2395.8151103071805
1.8965995255151884 2388.102544225158
1.9585616597664792 2378.5415118920723
2.02052379401777 2367.502865471146
2.120695911057357 2373.920346264414
2.220638538710828 2381.551466515451
2.3105983780682577 2396.0700711693958
2.4046890263757734 2397.982277636013
2.5327441038284415 2404.1824622398926
2.6236219007303347 2413.048146766936
2.7136735358422106 2416.2119792844296
2.813639112434293 2420.9287552354185
2.912778527236359 2423.6604787591573
3.0050332604549475 2419.2290161539813
3.0862725031399734 2422.2035595464968
3.1771503000418666 2429.8523854129653
3.2473740521933294 2422.5222606242664
3.3134669953947067 2406.013544795805
3.4277527096804206 2401.9483354927006
3.499353398148579 2399.9855415534216
3.598492812950645 2402.514915186513
3.7095656758307367 2408.6056468949973
3.7885100246546033 2421.1412226205985
3.8504721589058946 2436.226406968356
3.920695911057357 2448.3370479235978
3.99091966320882 2462.8910638084058
4.044620179559939 2477.7486045291853
4.10658231381123 2491.680394500253
4.177838768200214 2506.7390204248627
4.251160627064242 2520.2926690377835
4.313122761315533 2524.294138125334
4.35856165976648 2507.360487526513
4.395738940317254 2494.0706525835244
4.432916220868028 2477.6575470783937
4.482485928269061 2461.540378288335
4.55684048937061 2446.4248414569806
4.647718286272504 2434.3779407172924
4.729154234145629 2427.849121495557
4.837735497976462 2423.826037760596
4.921384379215705 2425.4702455936344
4.982313811229474 2440.794455749719
5.027752709680421 2453.9461868923413
5.0950258840103935 2459.9013441740917
5.155807787133089 2438.032379742383
5.223671077027359 2424.206823463905
5.3185616597664795 2417.9329651043854
5.405033260454948 2409.6679838208956
5.501418802623623 2400.744353643349
5.5606270642415225 2388.421245302927
5.597804344792297 2374.2709174499605
5.634981625343071 2359.1007461481313
5.680420523794019 2343.0746348088637
5.7382518490952235 2331.419281107578
5.78369074754617 2315.5980490325915
5.820868028096944 2302.2444738740483
5.866306926547891 2287.711704727758
5.911745824998838 2273.688857305899
5.953053914499698 2257.7538034174227
5.998492812950645 2241.9249832215364
6.048062520351677 2226.20239671824
6.119204230047604 2213.9146996086815
6.2064101967716425 2202.0873485003463
6.283518630506583 2191.7472690882682
6.392571986788855 2183.1140110038004
6.469405033260456 2168.3581511030716
6.546238079732056 2155.7057183156217
6.6340472756996 2153.766194613767
6.72505620939356 2148.04981020298
6.8159340062954525 2134.2394301663007
6.927924826720008 2122.334818190627
6.9956700935014196 2118.8001335099107
7.110713122761316 2126.0505830291672
7.200558217425688 2128.9985679985357
7.280076289714844 2134.974213206714
7.349267339628786 2149.8507242297414
7.398837047029819 2163.418284397644
7.444275945480766 2175.9538601232452
7.514499697632228 2189.14615322122
7.61529143601433 2201.534933298879
7.704516909336187 2201.3147398269657
7.799525515188167 2203.7870875817835
7.894534121040145 2207.558383668723
7.98541191794204 2204.212022352143
8.072985067683863 2201.0887517900014
8.167167511745825 2191.2515118561823
8.258963266192183 2180.4864976737454
8.336530678699354 2182.7793748721424
8.390231195050474 2198.4754029522915
8.423277666651162 2212.0733156037913
8.45632413825185 2230.6004715914596
8.505893845652883 2243.093553840025
8.559594362004 2255.8415969508055
8.605033260454949 2272.414052994821
8.65460296785598 2287.711704727758
8.695911057356842 2300.247280453359
8.733088337907615 2316.1823343418355
8.77026561845839 2331.2675186895926
8.803312090059078 2349.28475295283
8.840489370609854 2361.6503547702873
8.894189886960973 2379.497615125381
8.94789040331209 2391.9269571583923
8.976806065962693 2406.056038272841
9.005721728613295 2421.566157390958
9.038768200213985 2437.1825102016646
9.071814671814673 2454.711069478988
9.118905893845655 2474.852977594022
9.125515188165792 2484.456503404144
9.166823277666651 2507.4029810035495
9.187477322417083 2523.5505022772054
9.204000558217427 2540.44165939899
9.237047029818115 2561.3696968391887
9.27422431036889 2578.367087653563
9.299009164069407 2590.0527938384457
9.332055635670095 2607.3051455150357
9.384379215704516 2613.211738823031
9.491504861143415 2606.7952237906047
9.579904172675258 2595.067024128686
9.633604689026377 2588.565522142188
