0.026064155729411898 303.7300681372405
0.07879098798683248 295.98968885444356
0.12097245379276922 287.72982102917706
0.16315391959870595 280.87257226857844
0.21588075185612698 272.5607555890649
0.268607584113548 267.1580747473812
0.3424251492739372 258.7423603593738
0.4267880808858111 249.39156659492113
0.5216963789491684 240.5083125186911
0.6828898375647126 233.67332755276976
0.8087646879062382 227.95400607567595
1.0360759203048975 219.7460871046564
1.1619507706464232 217.59886779578207
1.3653256950679036 214.94947622918716
1.5129608253886824 206.06622215295712
1.6669231755803517 200.17522208135193
1.8398671853846924 197.42786981817704
2.0718652473173447 196.7437641271846
2.272227209895544 195.89723393411487
2.440953073119291 187.05294149857002
2.6413150356974904 181.58414393329923
2.873313097630143 174.3868663085387
3.105311159562795 175.3408361774374
3.316218488592479 173.5808719638586
3.520798597751272 165.6707930905216
3.759123879554815 163.10924231383518
4.002839015322449 162.4638171550093
4.149302438259729 164.22142005703145
4.307482935031992 172.40336460092755
4.539480996964645 173.25343676133232
4.771479058897297 177.6171405180769
4.940204922121044 183.12560811749992
5.035113220184401 189.46856322105364
5.140566884699243 199.00117797537064
5.319838114374475 202.92095515945942
5.525472760178417 197.4167379208384
5.646744474370484 190.7932590043511
5.688925940176421 183.0009308673072
5.7416527724338415 175.4163981472512
5.889287902754621 169.31476908479013
6.121285964687273 171.54620850585272
6.353284026619926 169.71146942631236
6.592312332853567 166.0656043827985
6.814936735718234 162.1174914600296
7.049278212417882 158.17882378348742
7.29445798241489 153.4680072279109
7.513274336283187 150.98154615872687
7.738945178344947 146.65751243613454
7.983597680019381 140.14312611356584
8.209268522081143 133.7250813025097
8.443375657304092 132.47547522671465
8.641628546591994 135.35084430928384
8.841990509170195 127.88791913439681
9.021261738845425 134.844342980376
9.206860188391547 139.02103086183152
9.41144029755034 138.11712079793443
9.68561982528893 137.80542767245268
9.919961301988577 135.4850455160885
10.149615949154233 130.29645692221038
10.378977669474015 128.25982570457393
10.613612073019539 127.88791913439681
10.84561013495219 127.98709421977739
11.077608196884842 125.59272430130392
11.316636503118485 119.72722639451086
11.541604320750146 117.91373911898063
11.74949868793655 120.84041612837427
11.942328245906547 120.10125814508899
12.026691177518419 110.58422804704603
12.167296063538208 104.9044866493785
12.40632436977185 103.80254125626118
12.596140965898565 108.81796700264943
12.712139996864892 117.15575810928638
12.785957562025281 126.79227057209732
12.849229760734186 134.5845987091412
12.912501959443091 140.8184612187763
12.98631952460348 148.0913008133506
13.091773189118323 157.18235030656848
13.271044418793554 162.57086327891216
13.439770282017301 169.97215822216984
13.534678580080659 177.23460804589473
13.608496145241048 186.42955524760652
13.703404443304406 195.05306505260177
13.86627176961066 201.0098670062531
14.056088365737377 203.0185560371355
14.283399598136036 195.04361980637503
14.51539766006869 192.15337446099875
14.74739572200134 186.85459132780892
14.979393783933993 191.16162360719318
15.211391845866643 184.559396494716
15.211391845866643 188.96206189214578
15.443389907799297 192.10237013137447
15.675387969731947 193.85351878180833
15.844113832955696 193.972528884265
15.92847676456757 201.9103138132004
15.991748963276475 209.18315340777468
16.139384093597254 215.27533722400898
16.36083678907842 219.00148686044997
16.58228948455959 211.22332659274616
16.740469981331852 221.6508784270449
16.880572707044426 230.15564799376136
16.949268237071237 231.438042567172
17.056830974876377 222.43011124074928
17.109557807133797 214.4819365409645
17.172830005842705 206.89740382090847
17.278283670357546 199.15702453811153
17.39428270132387 190.94910556709198
17.46810026648426 183.9360102437525
17.531372465193165 175.20860273026332
17.61573539680504 169.28643334611
17.68955296196543 159.9356395816573
17.74227979422285 151.20823206816817
17.805551992931754 145.1821649755209
17.953187123252533 137.38039159225028
18.100822253573313 128.8702247419757
18.185185185185187 122.0960941481722
18.290638849700027 114.05441151074291
18.42772861356932 107.22053973455542
18.59645447679307 101.68798675725427
18.733544240662365 94.97879223125949
18.817907172274236 88.14232301235964
18.94972425291779 79.86946797353139
19.189631339689054 80.14219945832792
19.42953842646032 79.09377712716201
19.661536488392972 76.68523933934844
19.893534550325626 71.92483524108164
20.133968905419465 72.97325757224755
20.34909438102974 75.03043220042716
20.58952873612358 72.72390307186217
20.821526798056233 72.34987132128404
21.08633266672684 72.07281076530026
21.29606828837302 70.41737394329715
21.538611716757156 67.5327957456569
21.77060977868981 68.0995105192601
22.002607840622463 66.42770193713068
22.2463229763901 67.43204645257188
22.466603964487767 66.82440227865291
22.645875194162997 67.62252558481077
22.934818234933665 67.26927337593145
23.138871075769885 67.40174295426118
23.3781923088494 67.57057673056377
