0.14492234717852837 67.24939511250972
0.4815210017051701 66.86245684051372
0.8183940828297405 67.19188633352543
1.1550060924969414 66.83981054302902
1.4459515991600456 67.14954456942779
1.7051014600284247 64.37300179729264
1.918615118265373 62.33736543986359
2.1645340916437257 64.97949690469439
2.4285530141740588 61.59429936071068
2.71368454707978 60.046073876513816
2.9580121046767416 58.53394706200623
3.1989672738771886 56.20984206190787
3.5399067798963304 59.1629741823117
3.8763098462354377 58.265469245773296
4.213544377777058 59.53843493162879
4.457643605551569 57.43027214309594
4.732766394032495 56.39292237048889
5.02836447983721 55.52889204589249
5.120192128658882 52.83270935941242
5.465903297156281 52.259147358477534
5.801991871475785 50.54068721243263
6.126340846433381 51.47431744517263
6.353319358426537 51.290223534077896
6.566371187286753 48.049020074469425
6.903334307907345 48.61349016855904
7.208526733869473 46.156816326056195
7.448662239011195 45.11791547362847
7.744137338536882 45.835544642945095
8.055219058377068 42.7696603123395
8.400561883481643 41.234568579722335
8.737201895862919 40.955591540757325
9.0732215404247 39.05719600632743
9.409116249800615 36.83266758044975
9.786109369860107 35.340639494574496
9.885812052029893 34.55506683121821
10.204660432321328 35.780681004601576
10.540899790485847 34.45582952064883
10.877496721768546 34.064392863943205
11.213830858349933 32.9869525390198
11.504675393688249 33.033109336339
11.794340045439322 29.99927835278705
12.087354906514197 30.00277484551968
12.31819112573673 30.946191026731704
12.651356647517865 29.588706508130663
12.987769048094997 28.715567822102727
13.083509917218784 27.482077970864353
13.41623570407231 28.401570935958603
13.691939964295159 28.882104689656344
13.942880114933487 26.873021646563835
14.099748925783235 27.918655754867373
14.33328581701625 24.87626258995742
14.66938300755547 23.18029436746064
14.959949939064838 22.50178950296373
15.234589357619747 20.20264281930696
15.541292314600689 21.689084323834493
15.861867816134026 19.431843881294462
16.198912790841913 20.209987249091256
16.535061678699424 18.648970567883204
16.87193432901301 18.977275464717536
17.208841444205454 19.395548055744342
17.535877243677557 20.68344253895355
17.88230240958202 19.309924372324915
18.218877800315433 18.862257906748972
18.5547466610322 16.57025371022693
18.891382365303617 16.280030709487846
19.215875231130457 16.257382616957393
19.564464217012716 15.204762389950993
19.901194699701 15.161950548241279
20.237399592986662 13.747131370096035
20.573931902621496 13.187005286779488
20.910765779946363 13.414096527647253
21.246858662375725 11.706882343376414
21.58326172871483 10.809377406838003
21.920345476411438 11.68873443060135
22.25654606158724 10.262669290682041
22.583527722478802 8.745452623882294
22.929981178304665 10.109569836618242
23.266707352883092 10.055512033134463
23.603407678802373 9.933978459006319
23.93943593958387 8.05807484812454
24.276804022531078 9.67966534897596
24.613607743086938 9.828034857425294
24.797499412357805 10.380271714565147
