0.10495838338311758 1562.2647949056488
0.289814824657447 1595.2750907887926
0.4845040553612625 1634.488663750648
0.6701471197899505 1649.4651469835371
0.8660162852253039 1669.7144157333314
1.051118546235371 1662.624956214804
1.236010104614806 1649.237271499013
1.4471341405079041 1660.631045725218
1.6961846499147328 1669.746065106182
1.8605327018075637 1682.8489054663175
2.044476098349155 1695.5244792929705
2.2777239104585956 1711.3333410318298
2.482526867432739 1713.1977768142997
2.6519317824607347 1731.5572902833433
2.838719664515856 1763.566674750088
3.0213637281685513 1789.3490451084826
3.208186727328777 1839.7204606080204
3.4028759580325927 1842.076900277531
3.6064146992229453 1850.0525422358746
3.825124029818789 1853.755518859391
4.008182475311727 1862.0160051733897
4.184582717676699 1884.613657388696
4.419305448200563 1894.7731060737287
4.595789971617787 1920.8363646161724
4.765700572959299 1957.280617453603
4.931628894581869 2004.8298439899768
5.066583929501559 2048.30421377184
5.190477076313077 2086.473357429626
5.314370223124596 2129.769699489205
5.447112880422652 2176.8046237167573
5.606404069180319 2217.9290275644657
5.78339427891106 2259.4023657478515
5.969233999128338 2309.5582777904337
6.1621533277348455 2340.554522673996
6.323214418589821 2388.6932187797115
6.447107565401339 2429.995650349704
6.562151201726321 2475.8081175509033
6.668345327564765 2519.341829906861
6.774539453403211 2564.2048159225433
6.905069733079632 2612.4740656912672
7.000000000000000 2644.0000000000000
7.062640183687138 2616.1572614567526
7.208165467243525 2568.999695909404
7.358607145514656 2525.390025058605
7.539735099337751 2509.352517985612
7.712587564976138 2498.7380881811405
7.963913662793791 2483.3185137283435
8.137364068329916 2450.2195996012183
8.278956236114508 2399.1256433055805
8.429397914385639 2355.3980785409126
8.570990082170232 2310.930709685863
8.69488322898175 2272.1918773167663
8.836475396766344 2224.907714278016
9.004616096010547 2182.8362029477544
9.172756795254752 2145.5943859144895
9.347780447099597 2105.7161761227726
9.562135256662382 2079.352248538248
9.76921380204735 2050.241155390295
9.960363228556549 2018.9367607037966
10.14873138034141 1995.3231636199869
10.34974168996418 1981.650634548541
10.553280431154532 1975.6689030797834
10.80696639843526 1962.8192577024524
11.016994780649075 1931.0053081130602
11.202244533500581 1899.4572132556127
11.402833437862089 1864.916238612787
11.597522668565905 1823.1347506264651
11.845308962188941 1795.2200037722632
12.042526624460338 1775.138476698577
12.28272762338063 1758.6175040705798
12.500172738192683 1744.3752862878237
12.701941577285728 1731.6142591544744
12.874380610194821 1710.1939636092088
13.101939451277204 1693.5305688033843
13.290729008323327 1686.5518820898337
13.509016933657907 1668.1635964636532
13.701936262264415 1631.9187346751812
13.927893763353994 1605.0230976267674
14.120616436171913 1574.6713490630716
14.311372551103936 1547.6427846486856
14.528923017231303 1535.0146848813083
14.776266835330013 1540.1988521542316
14.960336653449986 1546.9781478188236
15.127213136910399 1531.881396969102
15.335555898079157 1509.8914127125265
15.491307282642207 1501.118206558349
15.759742434067164 1492.4779277701434
15.986879869888284 1475.1973701937327
16.181569100592096 1454.3519423480623
16.354134555079572 1450.2734890739093
16.599265995556646 1441.300891870773
16.78333581367662 1413.6076906265248
16.96563572969928 1377.4957562040256
17.155015254111174 1345.3937973216932
17.343804811157298 1307.4873434585666
17.52669469454573 1266.0180333771798
17.73908294622262 1237.9220219330152
17.93554207902374 1213.7957050090265
18.130231309727556 1194.2553822110851
18.319217522562273 1197.6007209213903
18.51076026064865 1206.0194540996415
18.74287027855268 1232.794823531223
18.8806697989859 1276.8032764799395
