0.14131907462436155 2587.451912106504
0.3614020950846091 2553.6101101830454
0.5325777776648017 2514.696726597585
0.6915266257749804 2473.4992746420066
0.8382486394151454 2429.269790580198
0.9849706530553104 2390.276052671177
1.1316926666954754 2349.246191258294
1.2661878458656268 2311.0682791299328
1.449590362915833 2281.2038803723194
1.804168562546232 2259.1579656388476
2.073158920886535 2230.251751970825
2.3299224447568236 2208.153384680541
2.5866859686271124 2171.648782521374
2.843449492497401 2138.983727540918
3.10021301636769 2097.9732105108674
3.369203374707993 2064.9418635103452
3.6308576323662867 2034.1801656701664
3.9910252420401204 2020.4020208540214
4.249535456548983 2002.6484462779308
4.518525814889285 1969.6170992774087
4.787516173229589 1934.84050355929
5.056506531569891 1897.2080463032876
5.31327005544018 1855.9754067091787
5.557806744840455 1815.8071586221752
5.802343434240729 1779.3039328421232
6.046880123641005 1740.706408600956
6.303643647511294 1701.4411402885012
6.548180336911567 1665.0807075853431
6.768263357371817 1627.630043595052
6.988346377832064 1589.0158804596965
7.208429398292312 1553.6982982353559
7.4407392532225725 1515.586941683747
7.697502777092861 1482.4935074726088
7.966493135433163 1496.4252168728503
8.235483493773467 1524.4775749881862
8.504473852113769 1549.1980946426575
8.76368274287806 1552.9608648918363
9.005774065384333 1550.9265765601274
9.335898596074705 1525.7816316367946
9.629342623355035 1501.7382070899005
9.886106147225323 1479.7085920218249
10.142869671095612 1446.3613034517634
10.411860029435914 1412.2193436309526
10.668623553306203 1383.9808740342175
10.93897244880984 1378.5595613905489
11.22372183824483 1382.3476625765682
11.487821462797125 1414.160788935098
11.748660598157418 1435.0920395667251
12.018466078795724 1451.5445720226644
12.319246206758061 1473.7229695022065
12.588236565098363 1508.9149814622533
12.857226923438665 1542.837721627685
13.126217281778969 1570.731420768694
13.39520764011927 1599.5770737556647
13.664197998459573 1638.1009241765767
13.933188356799876 1672.816959213643
14.20217871514018 1704.201155789844
14.47116907348048 1731.7775369821993
14.747495532502791 1748.1041710673085
15.009149790161088 1774.5548993694117
15.278140148501388 1805.463119022632
15.65037933125514 1822.6797865769186
15.913935540942104 1842.9143947369744
16.18292589928241 1875.4885336206275
16.45191625762271 1909.2526148117322
16.720906615963013 1944.444626771779
16.965443305363287 1980.3798000369143
17.185526325823535 2015.6478326131214
17.430063015223812 2055.1087608632993
17.699053373564112 2090.618090772
17.955816897434403 2125.4148316753444
18.17589991789465 2164.6581529971863
18.400873672142904 2210.881918637767
18.686981598741223 2234.0615193105064
18.9339636550355 2278.886608494603
19.11736617208571 2318.832158440828
19.21518084784582 2354.1915214178543
19.337449192545957 2400.3852951021036
19.484171206186122 2435.0244316592743
19.667573723236327 2474.9699816054995
19.93411871468263 2495.8829611519477
20.13219343309685 2464.62071176532
20.278915446737017 2419.809478130979
20.48677163272725 2373.669204481673
20.75576199106755 2373.48026516682
21.02964308319586 2357.5359391496595
21.299176856401495 2335.728771971614
21.55356294023595 2334.221522142623
21.85617709336879 2344.7977756676432
22.125167451709093 2379.0378337817288
22.384376342473384 2411.835196332731
22.69065854594723 2427.2461691866292
22.93213852673 2410.837446599858
23.201128885070304 2384.311117546739
23.470119243410608 2358.1021064422735
23.75133643622092 2348.154263827201
24.005382885764543 2353.8462031910462
24.277090318431515 2337.3855987581974
24.546080676771815 2306.099500475271
24.802844200642106 2268.1035039574313
25.04738089004238 2237.0105492019266
25.335934183534704 2216.3841317871847
25.597588441193 2190.1600806127553
25.8665787995333 2162.523138739348
26.135569157873604 2131.2370404564213
26.392332681743895 2096.8902003481003
26.649096205614182 2061.8452607527406
26.899067043667795 2031.4251134753285
27.138169584414733 2018.7936235455566
