0.0030674846625771135 1804.511278195489
0.10419576622953608 1804.53224775535
0.1881999318885148 1798.2655754430325
0.32151089043428516 1791.1782674707688
0.409167411121915 1786.9258826874106
0.5552147239263805 1786.466165413534
0.694051103356712 1786.9258826874106
0.9141104294478533 1786.466165413534
1.154247836966769 1785.1354048838914
1.3386917659136568 1785.1354048838914
1.5213095173462192 1788.0001693695222
1.6950572637091996 1792.5530986413282
1.8366295014864433 1798.862401377539
1.9595921207843685 1804.1144696011957
2.112991031987721 1808.9231814163616
2.252145758579333 1820.2287698328687
2.358742348915541 1831.943610318752
2.479270064861032 1835.5245659257905
2.636495252761066 1842.4306945965077
2.7690453040092007 1852.0545127904236
2.8872902980617856 1858.7439368063497
3.0139052723883615 1866.5026739549332
3.142955150067372 1880.9259673721717
3.214176073126071 1889.878356389768
3.4168817772162154 1893.160899029553
3.5746635144539494 1897.2193153841968
3.6835036943077566 1901.8148750798964
3.824484598413694 1912.2593289337588
3.9559693794451394 1924.2555302173378
4.103067978224068 1936.2069695558287
4.2112689959478615 1951.0231733799505
4.325100727674158 1969.7535606245438
4.4413673627528905 1989.3393983752626
4.554225133138212 2007.423224190807
4.684770737162291 2021.2226924050733
4.798689429722604 2034.708116496659
4.93854419102804 2049.6785003538616
5.01661327976546 2060.868986625857
5.170012190968814 2071.6118534469724
5.279582841828351 2075.192809054011
5.47211412833868 2077.49485194425
5.602816261863985 2082.9515462025943
5.716769738757904 2093.3661587597317
5.8219575635830605 2113.799986692395
5.915092616813666 2132.985453712049
6.013706202587251 2153.3770064743517
6.117189595065703 2172.2764944003884
6.241369666039846 2191.374924304594
6.34789668770884 2210.373883219715
6.450619172889656 2229.8453293329867
6.557907101856287 2244.6913744538338
6.675512933778856 2248.152964873971
6.764265160975082 2248.869155995379
6.868098159509202 2248.1203007518798
6.965405570052948 2245.2882003883406
7.072158689890383 2240.3643864286623
7.200721586898906 2232.4564427964524
7.317596947815746 2220.3209821281553
7.421689066132306 2199.2729208378955
7.587871219935938 2187.0976717739645
7.719877765971475 2176.994261311249
7.8106648766836635 2158.4500269176565
7.88736433228534 2135.3017067435862
7.958585255344039 2117.2690374367135
8.024327645859762 2097.4245751143753
8.101027101461439 2075.8642382303306
8.199640687235021 2059.4366043830414
8.281818675379675 2038.4880140818661
8.336604000809443 2020.0460927056179
8.391389326239212 2003.0365535721849
8.451653184211958 1980.8943114019967
8.522874107270656 1958.8117518252593
8.594095030329356 1941.8022126918263
8.65983742084508 1919.4212401478358
8.731058343903777 1895.8892461587254
8.818714864591408 1871.5756943982378
8.906371385279037 1857.6497559264212
8.988549373423691 1838.0664049504294
9.081684426654297 1816.7671794127316
9.220473917743044 1803.9354218208437
9.338079749665614 1797.4001778379984
9.468468824188463 1784.0611182017797
9.574752355522216 1766.9322138814455
9.674735574431542 1746.6401321082274
9.778553766120954 1729.8991646453223
9.919117258223617 1715.3067705466403
10.013034958960365 1699.9882382276423
10.122605609819901 1684.2175650491695
10.243133325765394 1669.81235726631
10.37680951981403 1650.4317914657927
10.485406209332591 1643.5881874167858
10.61567353868782 1629.933533460654
10.714287124461404 1610.308036497404
10.79098658006308 1588.9501941268527
10.875512510726152 1572.3243288084598
10.991344341634806 1557.8726151086257
