0.015544041450777257 565.7534246575356
0.4813884738866463 583.0658038490637
0.6813312565561529 617.8922598537702
0.8930353793826891 651.0603131915855
1.1517848628373444 655.2063198588125
1.3987730061349692 659.3523265260396
1.733971200610318 702.8853965319227
1.9809593439079434 768.1850015407467
2.182078260593152 819.3881838809991
2.4149527957023427 859.189847886378
2.7395657840363645 847.9956298848651
3.0394799580406238 816.9005798806631
3.2511840808671604 798.243549878142
3.5334562446358753 773.3675098747804
3.745160367462411 748.4914698714188
3.974506500524492 725.6884332016705
4.203852633586573 717.3964198672168
4.415556756413109 714.2869148667965
4.627260879239645 721.5424265344438
4.9271750532439045 771.294506541167
5.200626211894847 810.6815698798227
5.368225309132523 847.9956298848651
5.650497472901238 872.8716698882267
5.844559585492229 891.5286998907479
6.179757779967577 903.9667198924287
6.575129533678757 905.4794520547957
6.920722209860454 922.6237498949499
7.165803108808291 938.3561643835626
7.4764455322801115 953.7187998991519
7.707555866365746 993.5204639045305
7.905146381003846 1020.8841079082285
8.120378905877493 1072.9164915819265
8.290918338154423 1125.7780765890698
8.543787151530564 1176.5666582626
8.729028259003783 1224.2457349357096
8.97601640230141 1269.3335574418024
9.187720525127945 1308.202369947055
9.531739724721067 1357.9544499537783
9.708159827076512 1389.0494999579803
10.036301217457645 1416.413143961678
10.231539464064337 1451.2395999663843
10.44912425696939 1488.5536599714267
10.678470390031471 1532.0867299773095
11.013668584506819 1544.5247499789903
11.337105438825139 1513.4296999747883
11.525286881337614 1493.528867972099
11.825201055341875 1487.5171583046201
12.019263167932866 1513.4296999747883
12.242728630916432 1550.7437599798307
12.477955434057026 1588.057819984873
12.701420897040592 1625.3718799899157
12.9013636797101 1662.685939994958
13.16599383324327 1700.0000000000005
13.368876950952032 1734.2045550046228
13.642328109602975 1774.6281200100852
13.862853237547284 1808.8326750147075
14.083378365491594 1843.0372300193299
14.277440478082585 1876.619884023868
14.52442862138021 1899.0083200268932
14.780237769795608 1874.1322800235316
15.06545026860358 1865.840266689078
15.31831908197972 1892.789310026053
15.582949235512892 1921.3967560299188
15.794653358339428 1958.0889150348771
16.059283511872597 2017.169510042861
16.30980005721733 2058.2149760484076
16.535617788232305 2085.578620052105
16.74026510696462 2112.942264055803
16.930798817508506 2145.281116060173
17.147207476397853 2172.644760063871
17.35597126418513 2200.630305067653
17.594138402364983 2226.5428467378215
17.817603865348552 2243.126873406729
17.982262627546966 2265.929910076477
18.388028862964493 2295.988458413872
18.582090975555484 2346.7770400874024
18.814965510664678 2406.4795360954704
19.023141231444104 2464.93823010337
19.23484535427064 2522.982323444547
19.411265456626086 2562.8876376166063
19.667074605041485 2598.646945121439
