0.16075972198066157 1760.2583586626156
0.24661250790980072 1766.2403802625638
0.5097236595892691 1764.4457737825794
0.7614249608056212 1766.2403802625638
0.9189949957012611 1797.645993662292
1.0910555406850593 1851.4841880618262
1.271627834114342 1897.2466533014301
1.4549689179226748 1932.2414796611272
1.6326278962003755 1971.7228222207855
1.792997147742967 1995.950009700576
1.9743174202581653 2017.4852874603896
2.3177539191979744 2044.4043846601567
2.465714324481345 2066.8369656599625
2.6658747956334734 2061.602696760008
2.8656929712717094 2015.9897820604026
3.034137861419862 1980.695854620708
3.208261053815159 1940.4667593610561
3.3652136890246283 1899.0412597814145
3.5478930015061003 1855.9707042617874
3.722002248528609 1814.0965530621497
3.8932641039799893 1773.717907262499
4.0559888557626325 1738.4239798228045
4.250138871243024 1698.9426372631463
4.435726427831428 1661.5550022634698
4.592776680650415 1631.6448942637287
4.76422870027618 1613.698829463884
4.935718752736823 1600.2392808640004
5.07860811336992 1586.7797322641168
5.407401970882062 1573.3201836642334
5.535914919931631 1550.8876026644275
5.707290873887642 1523.9685054646604
5.918654550433388 1490.7682855849478
6.092759994172409 1448.445482765314
6.292578169810646 1402.8325680657088
6.492497766341888 1369.183696566
6.649546751399711 1339.1240380262602
6.82089227908782 1308.6157278665241
7.121123477607295 1299.6426954666017
7.435655022040542 1290.6696630666793
7.650008079407627 1272.7235982668349
7.828496173485645 1241.3179848671066
7.998366027180525 1205.425855267417
8.178303172267363 1176.2634999676695
8.342471904014172 1142.6146284679608
8.506644439044468 1109.414408588248
8.685090697004124 1073.0736273685625
8.86354709705308 1037.9292504688665
9.034834307727712 1000.5416154691902
9.227629086525317 969.8837547694554
9.39900504048133 942.9646575696884
9.649013880545652 913.8023022699408
9.777602895264975 900.3427536700574
10.020549037892629 881.4993856302203
10.19200866408537 864.4506240703679
10.363460683711136 846.5045592705233
10.515858253063495 830.0539998706654
10.696793126185273 806.1259134708725
10.977843098315086 783.6933324710667
11.192196155682169 765.7472676712221
11.363648175307933 747.8012028713774
11.754384843223177 731.3506434715196
11.964072539512006 725.3686218715716
12.121376344563506 725.3686218715716
12.421607543082981 716.3955894716491
12.70748768524218 701.4405354717787
12.950454112048433 684.9899760719209
13.207708207156836 667.0439112720762
13.464962302265237 649.0978464722316
13.6793533924672 635.638297872348
13.922345174496703 622.1787492724645
14.022409563058238 617.6922330725033
14.193937648353755 608.7192006725811
14.408366771390595 599.7461682726587
14.622795894427432 590.7731358727362
14.9372894060258 577.3135872728528
15.424768585618489 571.808510638306
15.907965679169807 571.808510638306
