0.05491599215846654 2246.9582460590022
0.16705473438608753 2226.834403899064
0.24715383597724538 2203.074489399927
0.31123311725017166 2178.5083486494805
0.37531239852309795 2151.5138640951395
0.4554115001142558 2129.103029487055
0.5515304220236452 2106.4191572174386
0.6396394337739191 2076.2899747908723
0.7117286252059609 2053.772824633165
0.8194174173451845 2029.1979137447863
1.0000853909341292 2008.223860407074
1.1576136240634065 1983.2012250281523
1.3204817972987606 1959.3766978801705
1.4766750454015185 1940.1613704170127
1.7156373651484726 1933.1430675370218
1.9052052389142127 1918.3059466916193
2.075415829795423 1904.29034288996
2.257641285915307 1909.404728553465
2.4258493992567383 1916.1996979998407
2.6314370933407103 1931.2200805586508
2.796307744115844 1945.6970277848964
2.9648019256772438 1953.8347122057617
3.3309692472368226 1953.2424663950897
3.4820132673801485 1926.59491947848
3.615321057885433 1902.7664866786931
3.7795242161473066 1879.4243618625665
3.9379424392942637 1861.2848529009204
4.051861161557243 1845.7924937354494
4.099920622511938 1820.2402494148862
4.2120593647395586 1797.5531554619477
4.383471442144637 1779.818755279792
4.568500366820211 1759.4374200803495
4.724693614922969 1741.0885017027786
4.916931458741748 1739.9160693116473
5.099557410369587 1740.7133187817008
5.269367505742842 1725.7166465104497
5.429565708925158 1718.1622872543912
5.6234055347757606 1705.6398189609886
5.749962115289789 1689.5333353613973
5.887020578012438 1668.5440685191093
5.998269330222379 1655.2707332328116
6.127317882785911 1634.4389709084837
6.294636006109664 1633.5767963839294
6.414784658496399 1617.9523644733877
6.518913490564905 1590.4701528605897
6.656226236149746 1565.7907801689437
6.856931699279591 1564.224029545448
6.975478369634504 1555.242298612276
7.031547740748315 1531.8469712757362
7.103636932180357 1506.6496490678041
7.227790539646652 1482.880874939532
7.367963967431177 1459.7084701906283
7.519262270436699 1434.495218548493
7.7107881222413335 1418.243759199416
7.889498117791384 1423.3882863137783
8.072836061433367 1429.434539810366
8.245049129854358 1440.5850054477467
8.441291928752694 1453.3985918799915
8.569450491298547 1479.3732672227952
8.665569413207937 1504.7937293541427
8.761688335117325 1529.8441581439447
8.849797346867598 1549.8287967370152
8.937906358617873 1576.864626227321
9.034025280527262 1605.8620773269458
9.146164022754883 1624.0945037266224
9.22626312434604 1650.1965820007927
9.3063622259372 1673.276721319005
9.422505923244378 1696.6733910235957
9.562679351028905 1714.884761421561
9.674818093256524 1754.3632688483303
9.69243989560658 1735.2567537393702
9.843026206597957 1677.9715193398683
9.897742552347049 1702.2979167844637
9.93113521834823 1735.9642353968632
9.963174858984694 1764.8181085143685
10.075313601212315 1794.019261738107
10.203472163758168 1807.1408850279722
10.304397031763026 1824.9284429849395
10.435759558372524 1836.5940509041566
10.507848749804566 1866.4391882511738
10.547898300600146 1897.7297875152913
10.57993794123661 1938.735372836649
10.611977581873072 1973.805006637375
10.688071728384672 2012.9130204821238
10.732126234259809 2038.3054079445233
10.820235246010082 1987.253923664717
10.860284796805662 1962.7825540986569
10.940383898396819 1932.1873014848532
11.03650282030621 1902.16443460791
11.159321442745984 1857.6740618266788
11.164661382852062 1879.9777754643092
11.340879406352608 1904.5364721737467
11.51252033833366 1937.7769220483788
11.542729142362326 1954.2990027964972
11.709335273671934 1924.4778132955062
11.858853596642096 1907.7191536021148
11.989682129240988 1886.2424729205816
12.113835736707282 1873.5361538989414
12.22997943401446 1838.7515048354
12.358137996560313 1816.8526494018906
12.539161966156328 1810.3406609033
12.713244013614446 1806.995909278486
12.894801977221071 1803.9505398983686
13.075825946817087 1795.9864508624994
13.244034060158517 1785.9154687981872
13.423456047722713 1788.6364146677877
13.617696369081271 1810.636411432252
13.775892094723806 1807.7960582635292
13.955314082288002 1810.9192752279164
14.123751050205406 1810.6695487464203
14.309123256744945 1816.799491627079
14.400000000000000 1834.000000000000
14.544843469998922 1814.6860673679016
14.689021852863005 1800.6883135746473
14.829996271663445 1774.0483982819067
15.021433124466311 1761.6523273641671
15.212335983258571 1770.1581082812481
15.361854306228734 1762.1480272752892
15.53807232972928 1755.342660578193
15.723190253406623 1768.976108466918
15.9111052885681 1762.3599470938025
16.06672640023092 1748.2701870456794
16.23493451357235 1735.3440613573941
16.39673469878649 1710.1646731866208
16.53931109961875 1687.8671881367459
16.61941020120991 1663.927396318802
16.69149939264195 1640.2770190526107
16.779608404392224 1613.5295302196164
16.88373723646073 1597.4995079041987
