0.06865760916004415 1506.6720932413211
0.20776723916944362 1485.5603237590203
0.34687686917884264 1448.2087315980266
0.4986328291890967 1440.974628768427
0.6377424591984959 1416.0243557438898
0.7768520892078952 1393.8791430002177
0.9033153892164401 1385.3573370592267
0.9791933692215671 1345.7502139706369
1.0234555242245578 1310.4285996444796
1.08668717422883 1274.836321607011
1.162565154233957 1240.732693981756
1.2447662992395112 1202.3757794644623
1.3332906092454926 1162.9362101019224
1.4344612492523283 1131.9258820345135
1.5609245492608732 1087.684668131044
1.6937110142698453 1066.5876621239058
1.851790139280526 1042.213164630704
1.9908997692899257 1019.3297781289092
2.130009399299325 991.7220795751313
2.2248568743057335 988.4741150393927
2.3070580193112877 941.1981867969756
2.4335213193198326 919.0857817758866
2.5663077843288047 872.6841793403122
2.642289522832974 849.3022832939879
2.7054174143382035 889.8171922663332
2.8382038793471756 837.1484946242996
2.982055883106896 822.4219281497576
3.1100999743655473 795.8698180700948
3.2441510723746054 756.2446507340841
3.363026574382637 728.4339543968224
3.481761561612882 705.7207579559283
3.629302078289517 710.9535897079516
3.7613859694095533 720.3694060893351
3.900495599418952 722.5839273637023
4.039605229428352 744.8767748589989
4.178714859437751 771.303395399781
4.31782448944715 771.303395399781
4.45693411945655 783.9999840394865
4.596043749465949 794.9249556596981
4.7161838844740664 798.265191915202
4.817354524480902 811.8660434086073
4.932436127488678 766.3133407948737
5.07660428949842 766.2838138445487
5.228360249508673 755.5064769759616
5.363254436184453 752.094473827307
5.506579509527471 764.6893585270044
5.63620439203623 764.3645620734305
5.783393621768398 748.1247393947376
5.911262069554815 713.5782075146091
6.050371699564215 711.5113209918663
6.1894813295736135 698.3718280972874
6.355148252584807 677.9687054227841
6.485967510704758 657.7230598166805
6.632102879603521 632.3790941211445
6.77121250961292 613.4818459132109
6.910322139622319 601.9663352865014
7.049431769631718 575.2444452424702
7.18994654741899 553.4273097246303
7.327651029650517 523.277012670653
7.469289925660088 517.1944609037243
7.580577629667606 508.0073612169208
7.742450653678543 491.86033752496337
7.884089549688114 493.0118885876343
8.016876014697086 497.70667368929276
8.15977954370674 514.9208857287074
8.318280213050784 518.0605847799213
8.444321968725966 519.955230759102
8.529052379731692 525.6391686966447
8.725070494744937 528.8871332323831
8.87682645475519 530.5111155002526
9.055982796433963 528.8871332323831
9.211954199777836 517.2239878540493
9.340525221453188 505.6100540595901
9.483850294796206 498.437465709834
9.679868409809451 491.5355410713896
9.800911854103344 491.7675385382279
9.958087669828249 491.5355410713896
10.095932666837562 482.7660368248953
10.216434125559992 472.7437462574735
10.375416559856447 463.0420340078647
10.506938391865333 454.1839489103959
10.62201999487311 448.77067468416476
10.792745449884645 441.1920907674414
10.947311705450645 432.8917369538874
11.101315901905494 436.3201439638335
11.231151556580933 428.20023262448717
11.37447662992395 421.70430355301005
11.677988549944459 423.3282858208793
11.844498561622377 428.20023262448717
12.015224016633912 425.4935955113717
12.128514056224901 418.8623345842386
12.294497137486115 412.772401079729
12.41147568999402 407.2360978938109
12.61381697000769 405.46448087431713
12.79718875502008 402.21651633857846
12.986883705032898 398.96855180284
13.191489361702125 397.26775956284155
