0.08091495011170746 1925.8245049270254
0.3460013334736989 1928.049240190467
0.5456533714771423 1938.7545902188222
0.6775525243258687 1954.3011162990765
0.7702941161726298 1967.8548880578892
0.8723098672040666 1984.0098887401105
0.9928739366048556 1997.700567284366
1.0948896876362924 2016.8675172463234
1.2061795978524052 2034.6653993538553
1.3081953488838425 2050.181501704011
1.3638403039918987 2064.7848921512173
1.4380335774693076 2081.076799618881
1.5307751693160683 2098.1901477992
1.623516761162829 2113.523707768766
1.706984193824914 2128.959947827414
1.8089999448563507 2144.973152196141
1.9202898550724636 2161.3041758882173
2.059402242842605 2187.3164651223024
2.1173211772222205 2173.8434807008452
2.248860066186702 2158.468249618336
2.3654494959369154 2142.2741327117024
2.4860135653377045 2122.799142482499
2.597303475553818 2107.739396083818
2.66222258984655 2095.1325629243165
2.7271417041392825 2078.304437213669
2.810609136801368 2057.665739308204
2.903350728648128 2040.278577557
3.023914798048917 2027.2210928954164
3.200123822557763 2019.543422598155
3.4078649882945067 2030.4897423978575
3.552541871575454 2049.3144253962087
3.654557622606891 2064.4426251876107
3.802944169561708 2079.43391819357
3.98842735325523 2094.8359315558578
4.183184696133427 2088.743579603664
4.361248552479209 2070.671883925247
4.572699381889823 2067.709718931126
4.7535454859910065 2059.0519205108103
5.0178590227542745 2052.525511818407
5.166245569709092 2064.6479853657747
5.249713002371177 2085.3209099676
5.3331804350332614 2100.928283508051
5.416647867695346 2115.6115362467654
5.481566981988078 2132.553750945281
5.583582733019516 2154.544403356991
5.713420961604981 2167.0086252816573
5.963823259591235 2176.675074071995
6.167854761654108 2176.0527705018017
6.35333794534763 2170.8115915439503
6.520272810671799 2163.220870884413
6.647461279490215 2148.591402954266
6.761400949473377 2130.956505115118
6.817045904581435 2114.0713349105363
6.863416700504815 2098.3270545846426
6.909787496428195 2080.0728165256355
6.965432451536251 2063.4158242967915
7.0210774066443085 2046.3024761164725
7.152770467066708 2034.1862256048064
7.317850500553942 2041.510738625983
7.574435571329981 2044.1347853469654
7.754766444365349 2037.251416412215
7.948493325111916 2019.667883312194
8.12470234962076 2040.1416707715575
8.287000135352592 2048.783911602619
8.511898495580986 2046.0457758937678
8.727522696624707 2044.3466648958645
8.907706360784125 2037.2079539406457
9.089214904827074 2038.344769212624
9.200504815043185 2057.9395528790897
9.283972247705272 2076.2850621283915
9.376713839552032 2092.30315602517
9.469455431398792 2111.743919558013
9.615987146516675 2129.6102550582664
9.755629486240226 2128.2509662599437
9.923889231447921 2128.1727338111195
10.13925581695873 2133.4664628482315
10.331952235573668 2122.83336917886
10.494912461247264 2119.7431874502995
10.752999062557963 2127.1459329203003
10.888401786654233 2109.279597420047
10.971869219316318 2092.30315602517
11.10866306729029 2078.4755706954725
11.240819835671925 2061.1340445394158
11.361383905072714 2045.0311988230774
11.491222133658178 2028.9935468140925
11.621060362243643 2013.347057049229
11.750898590829108 1997.3094050402444
11.871462660229897 1981.6140199948659
11.997326249164788 1965.6252632663964
12.131139117400828 1949.5550144037345
12.242429027616941 1933.5825561021034
12.36299309701773 1916.827773312229
12.50210548478787 1901.2668502882673
12.650492031742688 1886.3782373713896
12.798878578697506 1869.6071561546769
12.950356512047215 1860.5656038660748
13.179119105269224 1863.9675300497988
13.376967834542313 1868.5518330168904
13.589500649191141 1862.6762501416474
13.791213611457845 1867.9324927970313
13.883955203304607 1882.4706895368834
13.939600158412663 1901.1812835473656
13.99524511352072 1918.75098767916
14.060164227813452 1938.830649544068
14.125083342106183 1956.8567096273375
14.180728297214241 1972.144634001756
14.25492157069165 1990.7183212267955
14.39300349633016 2005.914974410919
14.63207071086848 2008.729169445016
14.837338767489307 1998.0428342479722
15.03189001794118 2000.0584063669876
15.252408914110145 1993.7454823715811
15.41419146877616 2007.1129087835416
15.5533038565463 2023.5172753963902
15.664593766762415 2038.6356961316894
15.806797540927448 2056.4183663741724
16.013302152106235 2059.856247875285
16.180855294709385 2065.46942607843
16.517816411752612 2069.7722107637674
16.675477117892108 2082.240507295143
16.823863664846925 2098.498188066446
16.993889916565987 2109.279597420047
17.204104191418644 2123.654809891515
17.35480927816963 2132.639317686183
17.482328966958924 2127.8989202402345
17.59980164996482 2113.0445340197175
17.76055374249921 2101.9364152917647
17.890391971084675 2128.218369406267
17.964585244562084 2148.4349380566173
18.03877851803949 2163.8141336213307
18.094423473147547 2177.7329901413236
18.15934258744028 2196.044272694265
18.233535860917687 2216.238023547042
18.298454975210422 2232.9520602698203
18.354099930318476 2251.434476304565
18.409744885426534 2266.494222703246
18.46538984053459 2285.8893506409413
18.52103479564265 2301.861808942572
18.576679750750703 2318.0624452199413
18.641598865043438 2335.860327327473
18.78071125281358 2356.7697272859723
18.976499057823407 2367.9573625812272
19.235145052862705 2373.6808268059785
19.448450714110255 2376.558980818123
19.633933897803775 2374.1086605104865
19.871352372931483 2379.191324920041
20.06981937948355 2381.039566523516
20.236754244807724 2360.9313824116407
20.375866632577864 2342.8034571606313
20.64481724893347 2334.234559250343
20.756107159149582 2316.864510847319
20.83030043262699 2305.056300602899
