0.11126531622525215 2412.9825958903034
0.3164680510780702 2384.840798601103
0.603240214446302 2384.2435771795317
0.835897156397531 2382.2166438699555
1.0994716726174611 2365.566834541297
1.3407228754412706 2377.511262972726
1.5820074892536988 2386.9220247671856
1.7795417771828674 2385.551776483926
2.0672893709545574 2384.951395160653
2.3062646490536034 2384.5693343185703
2.526089597009064 2357.0810621539854
2.7460439462537805 2319.7798588874857
2.9441479256317553 2275.208009069772
3.0984391892191514 2224.586383812763
3.2652299127632043 2177.093061240176
3.3811371211751675 2144.6250712579185
3.583070352141661 2087.044480662974
3.8177417115400623 2043.2080261503218
4.088609634442343 2028.2272194476034
4.296905073366709 2042.931534751446
4.6632485688059555 2054.97550008647
4.922163684012995 2058.812195279596
5.157302380561734 2058.7863415384027
5.420394073903267 2054.97550008647
5.668352771342336 2057.545361961111
5.909856943079976 2050.3063144269117
6.151385218459408 2041.239407390327
6.356026091853611 2055.705437379502
6.623250519930291 2039.646816932803
6.799470654055307 1990.342870685293
6.993728771052801 1960.0394133685193
7.184352514954924 1927.9664110989413
7.371499394708017 1882.17943544513
7.547607522471186 1841.3693049710805
7.734626724517771 1805.264555394261
7.9435423549183835 1772.9376837493514
8.141602635791601 1731.6796372091235
8.394324308308281 1705.9086279873736
8.636028945977639 1683.4675806313553
8.877798019125049 1656.1401761897525
9.119538454282212 1630.9844860084095
9.36139105490117 1597.3229149743822
9.594365401244284 1571.226148613593
9.844881471212247 1546.287629858276
10.086638611863721 1519.8651063584482
10.32839097951682 1493.8045352353301
10.551806282915983 1471.4238132754303
10.786992297493248 1457.90338387041
11.053180328635449 1451.0941547835537
11.294751322350328 1438.7877739754144
11.514372622375157 1426.7428032171215
11.733354075451265 1463.2195594033376
11.975104056605177 1437.3399644685746
12.235021262820881 1420.6599924418567
12.460517195761328 1425.4156445025183
12.663113078002105 1410.0427227250311
12.809850162519787 1377.5273342172518
13.051164607572053 1384.675893657274
13.283671200074496 1394.050460214062
13.529498037789729 1391.8606483349668
13.731568140166743 1379.3758767125921
13.907788149284661 1330.0814101701862
14.116804271188544 1290.1339328606293
14.345146740809389 1263.9446675591255
14.623661310154647 1250.2622931919063
14.85261829195189 1243.5144667403847
15.11611803119729 1232.535244646849
15.50298406729605 1227.7242943064123
15.752694813113328 1222.249764608674
16.00297915401022 1214.884033742626
16.126004141704833 1205.3284909974827
16.489356863104483 1203.780139163779
16.762600413364233 1193.5650387544088
17.00447449247587 1158.2746820251866
17.235216268829454 1135.055437059242
17.50985387933102 1111.5828254296
17.775506081743238 1103.8008493303357
18.01483173769794 1095.34021252474
18.223452337136543 1085.3865221652159
18.49788840778176 1077.1973496421529
18.695241321772706 1089.5812916738726
19.002468317409225 1091.1325161454868
19.222259589209493 1066.1980190832442
19.442264320103718 1025.076207395917
19.696983969739833 1014.2176360946178
19.934105813020203 1006.453757614189
20.205249588711858 998.291731519379
20.39573415804233 996.5853846006034
20.649713583816308 994.3102553755693
20.880247615415648 986.8449876059262
21.13256441834524 991.7765887385997
21.319179108779615 986.34730308795
21.749540219521194 988.5592342789553
21.991001434273464 984.5777581351456
22.230015161526083 981.2799698140104
22.471337959325503 987.79511259479
22.708460518555633 979.9769412578544
22.899361361530033 982.3658269441403
23.266287202545918 987.232075564352
23.502971739737745 975.6470859514613
23.832136501303502 977.8414222352658
24.056392913082824 984.1353718969447
24.216083650021503 986.34730308795
