0.044730393888093856 2018.9245474771265
0.1654759127219798 2024.7331258865743
0.2862553225166231 2032.0114422941892
0.40698489266309434 2037.1283792927352
0.5277224371532729 2042.591136996732
0.6483443536596916 2043.0394944716895
0.7690599687046746 2047.5512452356963
0.8898254233978293 2054.224375408772
1.010602839606546 2061.416236640024
1.131402185260458 2069.5591048112665
1.2523191524840565 2082.802828387911
1.3405042298084355 2103.0796174314446
1.4013094644657849 2124.738916228462
1.4620635304176774 2144.1791988321684
1.5284120066908726 2168.4794050202845
1.600147398963446 2188.641197698711
1.6718838354953145 2208.848276421899
1.7491381381421585 2230.5958116484826
1.8318603129902291 2251.7157339855075
1.9146584577020134 2276.130216078928
1.99737828296667 2297.148244815239
2.1020911345782745 2320.926500066575
2.222840640584014 2326.907988828749
2.3164032830404473 2342.6408484163203
2.3826667566070263 2363.2547705608545
2.454411025083607 2383.8014946197536
2.520624165352165 2402.232629406786
2.5760091721386247 2426.585716885603
2.631398564814124 2451.1290057524175
2.6922228049906427 2473.612510564093
2.758435109851765 2492.0074165153164
2.835705337452859 2514.445563924512
2.9075429104974506 2539.0385960828457
2.9573205581473503 2557.9702130222113
3.0071420646876406 2578.803843841557
3.0679728836977183 2601.5726507352297
3.150683441161132 2622.1887658242836
3.2334195829772727 2643.914389009993
3.299631887838395 2662.309294961217
3.3549288113533176 2682.8425045644058
3.404757993199427 2704.0089878127483
3.4655464152821263 2724.9391812891063
3.5593685561733763 2751.925622999896
3.6801439787961665 2759.0310290547854
3.7897001643510664 2755.09752896435
3.882178462195433 2723.8059772086144
3.9749893566252683 2706.938030709398
4.084367448504034 2695.2812015305567
4.193859839309274 2688.5811357965135
4.302820607200678 2658.826356365736
4.423247152286262 2650.8021065571434
4.521417873680035 2628.620985377994
4.586741931584799 2608.4955816551355
4.640986607221077 2583.3963082544574
4.7281840620772755 2560.843202927883
4.848588677717663 2551.8679461793004
4.969088985482543 2547.0425378961295
5.089226460608726 2526.482287514938
5.209722781201753 2521.483968879042
5.3302230889666316 2516.658560595871
5.451148030533938 2530.2481048779673
5.5720470554841945 2542.713731867347
5.682130876781077 2561.662035120921
5.792324345303941 2585.3653730744454
5.913229351011978 2598.0903655929137
6.034026703079963 2606.146778587793
6.154929715202073 2618.785315929899
6.243195732115083 2642.5721851337603
6.331296281396163 2659.1832746995133
6.45181054426253 2654.9630526508818
6.572145384395478 2642.961864729603
6.6923227312402 2624.130717875666
6.812635641927951 2611.178523014397
6.9329804499905325 2599.6096109749315
7.047822163460529 2587.140834119787
7.145967943670369 2563.878096930642
7.227683713622847 2541.3535936288276
7.30944921642425 2520.985838208777
7.413079800075796 2497.8297395921827
7.511372415009099 2480.934734910642
7.604073505574062 2459.3049608047595
7.696826600251917 2439.9304317279975
7.767639389437326 2420.08200385969
7.83293796741529 2398.8516206446516
7.914694594012687 2378.0989338441286
8.001949767928101 2358.048911718914
8.067243124609591 2336.592098280069
8.143438200244837 2312.404488770296
8.23609162907514 2288.707784104761
8.328778561224494 2266.4640067086543
8.416084207672503 2248.602810080243
8.492329755840343 2226.604026067274
8.579502781357881 2202.991501754159
8.672238141032043 2182.847864683865
8.764967409193648 2162.440059019129
8.874141047760133 2141.916771197752
8.972324585063438 2120.2914332952205
9.053963993554966 2094.4553879702253
9.141267856060011 2076.516827682013
9.22305019754255 2056.8793097337402
9.315644773659418 2030.6303590621912
9.430560847884488 2021.3863602853774
9.551300385960594 2026.935573165737
9.672099731614505 2035.0784413369795
9.792934961815103 2044.7775026827514
9.913847941866846 2057.848315906671
10.034916421620888 2077.6626328868847
10.155996862890492 2097.9956809252753
10.277021483754144 2115.9079840255085
10.397968354766645 2130.448535247595
10.51890725143544 2144.64326576423
10.639704603503425 2152.6996787591097
10.738872972254612 2173.783197979778
10.816121009345686 2195.2590169377927
10.90982333572273 2217.049502549181
11.003476790764767 2236.720601265734
11.102587345524075 2255.2969203718826
11.223729587957411 2278.310078877518
11.344734272961793 2295.3578302141245
11.465703073419492 2310.8493883762007
