0.02948402948402773 4.2151124983743
0.059787059787058006 3.61360384965535
0.09009009009008828 2.963974509038886
0.21130221130221027 2.226123899943641
0.25675675675675524 0.6060606060606055
0.3022113022113011 1.367971561104607
0.48402948402948276 2.3624658603199364
0.5446355446355433 1.785017557549745
0.5951405951405935 0.4135778384705411
0.6052416052416039 1.0872675250357648
0.7870597870597855 -0.09970954176962898
0.9991809991809975 -0.21199115619716657
1.0193830193830173 -1.0621233797199476
1.079989079989078 -2.1047383708327914
1.2719082719082717 -2.6180257510729614
1.6052416052416039 1.3278709845233436
1.6052416052416039 0.7504226817531521
1.6052416052416039 0.1729743789829623
1.6052416052416039 -0.40447392378722924
1.6254436254436238 -1.8106674759035286
1.6355446355446341 1.9053192872935352
1.6961506961506947 -1.078163610352453
1.9082719082719066 -2.0044869293796346
1.9537264537264525 -1.4751593185069591
2.1506961506961497 0.42961806910304645
2.1708981708981696 -0.26813196341093537
2.2113022113022103 -0.7894394589673563
2.550696150696149 -1.6267394979841328
2.585039585039584 -0.08366931113712184
2.626886626886626 -0.8788064582055988
2.635544635544634 -1.9764165257727502
2.9082719082719066 -0.019508388607102134
2.918372918372917 -1.9443360645077394
2.9991809991809975 -1.415008453635064
3.143120393120392 -0.8134998049161144
3.1506961506961497 0.07673299518793009
3.4991809991809975 -1.3007218103784641
3.514332514332513 -0.5969566913772937
3.735111735111734 -1.7037326050201589
4.04968604968605 -1.3588676464212952
4.059787059787059 -1.9683964104564975
4.323856323856324 -0.3467290935102145
4.332514332514332 0.5194433606450755
4.534534534534535 -2.1047383708327914
4.550696150696149 -1.43425673039407
4.696150696150696 0.04465253392291757
4.736554736554735 -0.5969566913772937
4.938574938574938 -1.2345558590193786
5.143120393120393 -1.7037326050201589
5.302211302211301 -2.483287813759917
5.453726453726453 -0.308232539992197
5.4961506961506945 -1.7326050201586707
5.524433524433524 -0.9899423418736735
5.7416052416052406 -1.739823123943296
5.871908271908271 -1.1936532709064895
5.968877968877969 -0.21199115619716657
5.980999180999181 0.5001950838860711
6.077968877968878 -0.6739497984133198
6.3688779688779675 -1.2417739628040056
6.4402584402584395 -1.933642577419402
6.736554736554735 -1.928295833875234
6.771908271908272 -1.3067368968656528
6.914332514332514 -0.5392118611002754
7.094419094419095 -1.6006168366683386
7.302211302211301 -0.7733992283348528
7.5749385749385745 -0.1478302336671451
7.938574938574938 -0.6089868643516727
7.994851994851993 -1.401259684521488
8.059787059787059 -1.9202757185589814
8.332514332514332 -1.439068799583822
8.505674505674506 -0.6931980751723259
8.808704808704809 -0.15012169518607443
8.847665847665848 0.6541812979581216
9.047665847665849 -2.2715567694108483
9.04968604968605 -1.415008453635064
9.24160524160524 0.9429054493432165
9.24160524160524 0.36545714657302497
9.251706251706251 -0.45259461568474535
9.499180999180998 -1.042073091429316
9.544635544635545 -0.11574977240213435
9.70992480083389 0.3873301883446221
9.726453726453727 1.0391468331382487
10.059787059787059 0.06470282221355106
10.114332514332514 0.82741578878918
10.247665847665846 1.9245675640525413
10.271908271908272 2.4346468981662106
10.417362817362818 0.8370399271686821
10.484029484029485 0.2852559934104981
10.834678834678835 0.5854374523902397
11.096150696150696 0.04786058004941829
11.261807261807261 2.450687128798716
11.27190827190827 3.1083365847314326
11.271908271908272 2.0015606710885674
11.322413322413322 1.4241123683183758
11.322413322413322 0.8466640655481843
11.499180999180998 0.14891403303420425
11.665847665847666 1.5478512903405601
11.665847665847666 0.9429054493432165
11.867867867867865 0.3413968006242669
12.014332514332512 1.4241123683183758
12.029484029484028 3.1444271036545697
12.059787059787059 3.8301469631941725
12.105241605241602 2.554948627910001
12.120393120393118 2.0496813629860835
12.393120393120391 0.6830537130966317
12.453726453726453 0.1729743789829623
12.47970047970048 1.47910744477268
12.746655746655744 2.378506090952442
12.776958776958775 1.8411583647635137
12.817362817362817 1.3759916764208597
13.077103077103075 0.6266837597309696
13.27190827190827 0.40154766549616205
13.529484029484028 0.9068149304200794
13.554736554736554 0.33337668530801423
13.726453726453723 0.1408939177179498
13.817362817362817 0.7023019898556377
13.948675948675948 1.392031907053365
13.968877968877965 2.19404343867863
14.053726453726451 2.867733125243854
14.309787059787059 3.5714982442450243
14.514332514332512 3.7339055793991403
14.574938574938574 3.1372089998699426
14.587059787059786 4.359474574066848
14.877968877968875 2.137902631464863
14.877968877968875 3.637664195604108
14.888069888069886 2.91585381714137
14.938574938574938 4.046690076732993
15.168877968877968 0.7407985433736499
15.17089817089817 1.552434213378417
15.287059787059786 0.23312524385485567
15.38301938301938 1.6486755971734492
15.504231504231502 -1.4470889149000747
15.56483756483756 0.9429054493432165
15.605241605241602 -0.7653791130185983
15.618709618709616 -0.021647086024771056
15.926453726453726 0.8177916504096743
15.944635544635545 1.5973468591494324
16.24160524160524 2.867733125243854
16.256756756756754 2.1038171413707882
16.534534534534533 0.4135778384705411
16.544635544635543 1.0872675250357648
16.590090090090087 -0.4285342697359873
16.605241605241602 -1.2225256860449996
16.605241605241602 -1.727792950968917
16.696150696150696 3.1564572766289487
16.696150696150696 2.579008973858759
16.696150696150696 2.0015606710885674
16.855241605241602 3.9384185199635837
16.914332514332514 4.6193263103134345
17.05978705978706 4.118871114579267
17.05978705978706 3.5414228118090776
17.16079716079716 2.6431698963887804
17.18099918099918 2.242164130576146
17.268541268541266 1.5631277004667545
17.57060957060957 2.166545900451478
17.574938574938574 2.867733125243854
17.787059787059786 1.0271166601638697
18.110292110292107 0.42961806910304645
18.15069615069615 1.520353752113408
18.23554463554463 0.9814020028612305
18.514332514332512 -0.35635323188971313
18.537059787059786 0.08876316816230911
18.85199485199485 0.6610556825149096
18.968877968877965 0.23312524385485567
19.15069615069615 -0.296202367017818
19.24160524160524 0.5579399141630894
19.36281736281736 0.8947847574457004
19.39312039312039 1.6286253088828193
19.665847665847664 2.91585381714137
19.677968877968876 2.492391728443229
19.807261807261803 1.5684744440109242
19.888069888069886 0.8787445268131968
19.999180999180997 -0.6931980751723259
20.105241605241602 -0.28417219404343896
20.110292110292107 0.36545714657302497
20.3022113022113 0.8947847574457004
20.30827190827191 1.6358434126674464
20.48402948402948 -0.5488359994797776
20.524433524433523 0.21307495556422396
20.808704808704807 0.805417758207458
21.029484029484028 1.4241123683183758
21.155025155025154 0.6816788361852719
21.277968877968878 0.08635713356743224
21.631215631215632 0.2898389164483586
21.677968877968876 1.125764078553777
21.77190827190827 1.7128365197034707
21.96887796887797 0.43282611522954717
22.029484029484028 1.809077903498503
22.029484029484028 1.3118307538908383
22.07277407277407 2.544637051074817
22.187059787059788 3.320067629080503
22.488358488358486 2.524013897404455
22.544635544635543 1.869228768370398
22.726453726453723 1.0872675250357648
22.908271908271907 -0.5007153075822615
22.914332514332514 -0.2312394329561709
23.029484029484028 0.43763818441929914
23.28200928200928 0.4616985303680572
23.3022113022113 -0.03875666536610822
23.48402948402948 -0.8054796895998617
23.696150696150696 0.4256080114449201
23.696150696150696 2.4025664369012
23.696150696150696 1.857198595396019
23.746655746655744 1.3278709845233436
23.787059787059786 0.7664629123856574
24.05978705978706 -0.8134998049161144
24.13049413049413 0.42961806910304645
24.187059787059788 -0.19274287943816049
24.287059787059786 1.2316296007283114
24.465847665847665 -0.8086877357263624
24.494130494130495 -1.543330298695107
24.574938574938574 -0.04356873455586019
24.635544635544633 2.579008973858759
24.635544635544633 1.9173494602679142
24.675948675948675 1.2637100619933221
24.675948675948675 0.6862617592231324
24.90069615069615 -0.19996098322278755
25.02342342342342 0.7023019898556377
25.05978705978706 -0.8054796895998617
25.18099918099918 -1.366887761737548
25.3022113022113 -0.11574977240213435
25.3022113022113 -0.6931980751723259
25.635544635544633 -0.019508388607102134
25.999180999180997 -0.019508388607102134
26.36281736281736 -0.019508388607102134
26.726453726453723 -0.019508388607102134
27.09009009009009 -0.019508388607102134
27.453726453726453 -0.019508388607102134
27.817362817362817 -0.019508388607102134
28.180999180999176 -0.019508388607102134
28.544635544635543 -0.019508388607102134
28.90827190827191 -0.019508388607102134
29.27190827190827 -0.03554861923960573
29.635544635544637 -0.019508388607102134
29.999180999180997 -0.019508388607102134
30.362817362817363 -0.019508388607102134
30.726453726453723 -0.019508388607102134
31.09009009009009 -0.019508388607102134
31.46671346671346 -0.04682013265703944
31.817362817362817 0.004551957341655921
32.18099918099918 -0.019508388607102134
32.54463554463554 -0.019508388607102134
32.908271908271914 -0.019508388607102134
33.27190827190827 -0.019508388607102134
33.63554463554463 -0.0034681579745985402
34.009282009282 -0.11574977240213435
