0.04605186729080524 2301.555500600292
0.1370758875183653 2313.5074629901997
0.22304301773328294 2331.2648520550797
0.32923770799876984 2337.6665573452083
0.4404892882768987 2335.3916141390782
0.5517408685550276 2333.370761359611
0.6629924488331564 2338.337395313362
0.7590733590733589 2351.3062589841848
0.8349267092629922 2366.886465889332
0.900666279427341 2380.7852694553426
0.9562920695664054 2398.283213227747
1.037202309768681 2416.7006978276845
1.14845389004681 2414.1081415882268
1.2597054703249393 2409.2922941154725
1.3709570506030682 2404.0953110027244
1.482208630881197 2400.6769608766135
1.593460211159326 2396.43281686385
1.7047117914374548 2396.889345744342
1.8007927016776573 2411.7718279409664
1.881702941879933 2426.1048089323044
1.977783852120135 2433.126368554059
2.083978542385622 2415.872255121912
2.187139098643523 2398.833794807869
2.278949746206383 2391.995854079862
2.382335053131513 2386.861554236034
2.493586633409642 2373.5336774700872
2.594724433662486 2361.905715800767
2.6705777838521194 2344.4062732109596
2.7312604640038267 2329.7390259623835
2.7818293641302483 2315.1871576774975
2.8576827143198824 2298.8064187717455
2.9689342945980113 2297.7384050922624
3.08018587487614 2294.6376679994796
3.191437455154269 2286.9633032267725
3.302689035432398 2278.3360993540814
3.403826835685242 2267.1951443358644
3.499907745925445 2252.5161463588483
3.6061024361909317 2236.888211657341
3.7173540164690606 2223.941470531388
3.8286055967471895 2209.597232058791
3.9398571770253183 2208.0845601326487
4.051108757303448 2200.0290597199482
4.152246557556291 2205.164008142943
4.238213687771209 2221.3608585040715
4.314067037960843 2237.589903463018
4.384863498137834 2253.2693920329466
4.4556599583148255 2267.5513832562315
4.526456418491817 2283.630156782344
4.617480438719376 2302.0432757359545
4.718618238972221 2313.6081235669917
4.804585369187139 2329.552648018309
4.900666279427341 2346.920452200726
5.01191785970547 2350.8707244478264
5.107998769945672 2356.7488771495996
5.188909010147947 2375.7110681016948
5.284989920388149 2389.013425457512
5.396241500666278 2392.3284716379567
5.497379300919123 2400.4913309786793
5.593460211159325 2416.5960939985616
5.684484231386886 2432.799306839566
5.765394471589161 2445.909477652591
5.841247821778795 2460.9531453978666
5.89687361191786 2479.7254736554246
5.9423856220316384 2494.823301167561
5.992954522158062 2511.4589153352704
6.0384665322718405 2528.8276760357026
6.07892165237298 2547.3488324728505
6.134547442512044 2568.7913788748883
6.19523012266375 2584.709359269997
6.250855912802814 2602.0442616852933
6.336823043017732 2614.313297534264
6.448074623295861 2606.1942745148976
6.55932620357399 2615.2898779019133
6.670577783852119 2615.8734519957366
6.74137424402911 2623.2919768131032
6.766658694092323 2638.7836036097283
6.788571884147105 2656.138200485701
6.80711381419346 2675.1228512165812
6.829027004248243 2692.9432805414353
6.850097379300919 2717.4890759179675
6.92342228448423 2738.4355389669654
6.9760617760617745 2744.278282306451
7.0093894146991484 2735.2368200928586
7.059958314825572 2717.4241246658044
7.1054703249393505 2700.5192629398034
7.161096115078415 2687.15580697383
7.221778795230122 2671.5568948274913
7.2824614753818295 2652.8136136512053
7.343144155533535 2637.2147015048668
7.408883725697885 2621.533144566922
7.4796801858748765 2605.6691215983246
7.540362866026582 2591.7006230230704
7.616216216216216 2572.0738789167053
7.722410906481702 2560.212834790469
7.82860559674719 2549.5269588875467
7.934800287012676 2535.779293343342
8.046051867290805 2523.8489139240387
8.157303447568934 2514.713529198022
8.268555027847063 2509.1989330519464
8.37474971811255 2498.2272054190285
8.480944408378036 2484.4477785714907
8.577025318618238 2469.6175615002735
8.67310622885844 2453.6598181607415
8.78435780913657 2440.586031821457
8.895609389414698 2430.9424662421156
9.006860969692827 2420.282538956125
9.118112549970956 2412.8622646100803
9.229364130249085 2413.1917482772405
9.340615710527214 2422.160306450925
9.451867290805342 2432.3357941512563
9.563118871083473 2446.0050252181964
9.674370451361602 2452.877337371915
9.78562203163973 2459.940217345631
9.89687361191786 2466.4313938593564
10.008125192195989 2472.7955251597505
10.119376772474117 2477.444546080173
10.230628352752246 2476.185964580693
10.331766153005091 2478.4129892318847
