0.13527493847115224 580.9045925054163
0.4628385983816603 583.7085974625761
0.85591499027427 581.6633232585302
1.2489913821668797 582.1251593691212
1.6420677740594893 582.4550423052576
2.041695439150309 585.3580121432584
2.395464191853658 587.6342044025998
2.8212969497373184 590.1083264236232
3.214373341629928 591.4058659724266
3.5877959139279065 594.0669216572605
3.869500661450945 597.0358680824886
4.000526125415148 600.2027442693984
4.557384347263013 601.8257683151897
4.9832171051466725 602.379971647899
5.359915314043756 602.8747960521036
5.769369888931892 603.8314565668994
6.1624462808245015 605.8767307709453
6.49000994073501 608.1199347366731
7.0141117965918225 606.6024732304455
7.407188188484432 605.9427073581726
7.76750821438599 604.2009254553722
8.193340972269652 603.5015736307629
8.586417364162262 606.6024732304455
8.972942482856663 610.7721935432102
9.27430104997433 611.8146236214013
9.405326513938533 624.7460347179501
9.536351977902736 649.8831144515473
9.536351977902736 645.1328001711825
9.73289017384904 656.9294139674219
10.06045383375955 660.650493487041
10.256992029705852 641.7679942225907
10.289748395696904 628.2427938409965
10.388017493670056 615.839195442266
10.59765823601278 609.3470992591008
11.043144813491072 610.4950918768556
11.39691356619442 610.6138497338648
11.796541231285243 610.4950918768556
12.1568612571868 610.8909514002194
12.589245288268671 611.9597721133014
13.368846798855682 613.4640383020836
13.79467955673934 615.0474763955385
14.220512314623 616.2350549656297
14.61358870651561 618.6761886930394
14.875639634444017 623.7563859095408
15.00666509840822 628.7046299515874
15.268716026336627 634.1806866914525
15.563523320256085 637.6114692272715
15.72730515021134 642.3617835076363
15.85833061417554 648.2996763580924
15.956599712148694 655.8210073020033
16.022112444130794 660.9671811057319
16.087625176112898 670.8636691898253
16.153137908094997 677.1974215636451
16.316919738050252 682.8384197715783
16.51345793399656 687.0939096477384
16.742752495933914 693.0318024981946
16.808265227916014 697.5182104296501
17.135828887826523 685.9063310776472
17.39787981575493 684.1909398097378
17.627174377692285 693.4276620215583
17.82371257363859 685.1146120309198
18.053007135575946 678.147484419718
18.413327161477504 674.0305453767352
18.773647187379062 677.6724529916816
18.97018538332537 681.5518763206462
19.06845448129852 688.2814882178296
19.330505409226927 698.7717655869686
19.330505409226927 703.1262203439697
19.592556337155333 688.2814882178296
19.85460726508374 684.1359593203816
20.018389095038994 679.5725787038275
20.083901827021094 674.0305453767352
20.149414559003198 661.3630406290956
20.214927290985298 649.0913954048198
20.2804400229674 643.3294401203032
20.581798590085068 639.5115949394174
21.001080074770517 641.273169818386
21.361400100672075 641.372134699227
21.787232858555736 639.7227200185447
22.147552884457294 640.3824858908176
22.376847446394653 640.7783454141813
22.900949302251465 641.3325487468906
23.03197476621567 648.2996763580923
23.09748749819777 655.4251477786396
23.19575659617092 661.7589001524593
23.326782060135127 667.3009334795516
23.588832988063533 673.4367560916895
23.85088391599194 674.6243346617807
24.119486117118555 679.8100944178457
24.243960307884546 683.8280685799876
24.571523967795056 685.6094364351244
24.90376710856143 681.3256708787239
25.29216401959817 675.7129483510311
25.42318948356238 673.6346858533714
25.685240411490785 669.4781608580522
25.816265875454985 664.7278465776874
25.91453497342814 659.7796025356406
25.98004770541024 655.4251477786395
26.045560437392343 648.2996763580923
26.209342267347598 642.0319005714998
26.602418659240204 643.8132684266366
26.995495051132817 646.3863553285009
27.355815077034375 646.6370663599646
27.879916932891188 647.3496135020193
28.30574969077485 649.2893251665016
28.76433881464956 649.7511612770926
29.157415206542172 650.6088569110474
29.55049159843478 652.0603418300477
29.943567990327384 655.0292882552758
30.336644382219998 656.216866825367
30.72972077411261 657.2724922210036
31.122797166005217 657.4704219826855
31.515873557897823 659.9775322973225
31.97446268177254 660.7032747568227
32.36753907366514 662.6825723736413
32.760615465557755 664.0021041181872
33.15369185745036 663.1444084842324
33.546768249342975 664.9257763393691
33.93984464123558 665.3876124499602
34.332921033128194 667.168980305097
34.69324105902975 668.752418398552
35.119073816913414 670.5337862536887
35.51215020880602 672.2491775215983
35.87247023470758 673.0013106159894
36.429328456555446 675.4160537085081
36.5275975545286 679.5725787038274
37.064801956781835 679.1767191804637
37.31375033831382 678.7808596570999
